208 384 200 4826
-1 -1 -1 0 0
-1 -1 -1 0 1
-1 -1 -1 0 2
-1 -1 -1 0 3
-1 -1 -1 0 4
-1 -1 -1 0 5
-1 -1 -1 0 6
-1 -1 -1 0 7
-1 -1 -1 0 8
-1 -1 -1 0 9
-1 -1 -1 0 10
-1 -1 -1 0 11
-1 -1 -1 0 12
-1 -1 -1 0 13
-1 -1 -1 0 14
-1 -1 -1 0 15
-1 -1 -1 0 16
-1 -1 -1 0 17
-1 -1 -1 0 18
-1 -1 -1 0 19
-1 -1 -1 0 20
-1 -1 -1 0 21
-1 -1 -1 0 22
-1 -1 -1 0 23
-1 -1 -1 0 24
-1 -1 -1 0 25
-1 -1 -1 0 26
-1 -1 -1 0 27
-1 -1 -1 0 28
-1 -1 -1 0 29
-1 -1 -1 0 30
-1 -1 -1 0 31
-1 -1 -1 0 32
-1 -1 -1 0 33
-1 -1 -1 0 34
-1 -1 -1 0 35
-1 -1 -1 0 36
-1 -1 -1 0 37
-1 -1 -1 0 38
-1 -1 -1 0 39
-1 -1 -1 0 40
-1 -1 -1 0 41
-1 -1 -1 0 42
-1 -1 -1 0 43
-1 -1 -1 0 44
-1 -1 -1 0 45
-1 -1 -1 0 46
-1 -1 -1 0 47
-1 -1 -1 0 48
-1 -1 -1 0 49
-1 -1 -1 0 50
-1 -1 -1 0 51
-1 -1 -1 0 52
-1 -1 -1 0 53
-1 -1 -1 0 54
-1 -1 -1 0 55
-1 -1 -1 0 56
-1 -1 -1 0 57
-1 -1 -1 0 58
-1 -1 -1 0 59
-1 -1 -1 0 60
-1 -1 -1 0 61
-1 -1 -1 0 62
-1 -1 -1 0 63
-1 -1 -1 0 64
-1 -1 -1 0 65
-1 -1 -1 0 66
-1 -1 -1 0 67
-1 -1 -1 0 68
-1 -1 -1 0 69
-1 -1 -1 0 70
-1 -1 -1 0 71
-1 -1 -1 0 72
-1 -1 -1 0 73
-1 -1 -1 0 74
-1 -1 -1 0 75
-1 -1 -1 0 76
-1 -1 -1 0 77
-1 -1 -1 0 78
-1 -1 -1 0 79
-1 -1 -1 0 80
-1 -1 -1 0 81
-1 -1 -1 0 82
-1 -1 -1 0 83
-1 -1 -1 0 84
-1 -1 -1 0 85
-1 -1 -1 0 86
-1 -1 -1 0 87
-1 -1 -1 0 88
-1 -1 -1 0 89
-1 -1 -1 0 90
-1 -1 -1 0 91
-1 -1 -1 0 92
-1 -1 -1 0 93
-1 -1 -1 0 94
-1 -1 -1 0 95
-1 -1 -1 0 96
-1 -1 -1 0 97
-1 -1 -1 0 98
-1 -1 -1 0 99
-1 -1 -1 0 100
-1 -1 -1 0 101
-1 -1 -1 0 102
-1 -1 -1 0 103
-1 -1 -1 0 104
-1 -1 -1 0 105
-1 -1 -1 0 106
-1 -1 -1 0 107
-1 -1 -1 0 108
-1 -1 -1 0 109
-1 -1 -1 0 110
-1 -1 -1 0 111
-1 -1 -1 0 112
-1 -1 -1 0 113
-1 -1 -1 0 114
-1 -1 -1 0 115
-1 -1 -1 0 116
-1 -1 -1 0 117
-1 -1 -1 0 118
-1 -1 -1 0 119
-1 -1 -1 0 120
-1 -1 -1 0 121
-1 -1 -1 0 122
-1 -1 -1 0 123
-1 -1 -1 0 124
-1 -1 -1 0 125
-1 -1 -1 0 126
-1 -1 -1 0 127
358 97 443 1 128
477 101 424 1 129
425 106 549 1 130
306 99 498 1 131
411 91 465 1 132
314 99 575 1 133
395 105 510 1 134
433 100 490 1 135
303 91 430 1 136
319 90 470 1 137
425 102 515 1 138
447 96 595 1 139
383 107 590 1 140
399 106 593 1 141
330 90 501 1 142
388 97 551 1 143
387 97 409 1 144
380 98 428 1 145
367 92 504 1 146
411 100 528 1 147
319 109 401 1 148
345 90 402 1 149
362 96 493 1 150
315 91 582 1 151
478 107 502 1 152
413 103 443 1 153
444 102 477 1 154
400 99 432 1 155
337 90 497 1 156
405 101 494 1 157
397 96 452 1 158
327 91 486 1 159
401 117 511 2 160
411 116 544 2 161
407 117 495 2 162
394 116 521 2 163
407 119 570 2 164
381 121 504 2 165
399 114 488 2 166
415 119 540 2 167
391 119 590 2 168
409 126 558 2 169
401 114 464 2 170
403 125 542 2 171
408 121 545 2 172
404 115 560 2 173
401 127 517 2 174
392 120 559 2 175
420 117 545 2 176
403 116 510 2 177
393 119 506 2 178
388 118 550 2 179
402 118 525 2 180
381 122 522 2 181
391 118 500 2 182
394 119 434 2 183
396 121 544 2 184
405 118 479 2 185
393 119 499 2 186
404 114 523 2 187
401 121 509 2 188
400 119 527 2 189
396 114 520 2 190
406 120 534 2 191
919 190 841 3 192
927 190 809 3 193
763 190 1088 3 194
606 201 920 3 195
884 195 1012 3 196
919 208 1113 3 197
981 200 952 3 198
934 194 1105 3 199
902 190 894 3 200
928 207 1184 3 201
716 207 816 3 202
967 196 982 3 203
835 209 1117 3 204
777 201 980 3 205
639 204 878 3 206
774 207 1094 3 207
128 0
128 1
128 2
128 3
129 4
129 5
129 6
129 7
130 8
130 9
130 10
130 11
131 12
131 13
131 14
131 15
132 16
132 17
132 18
132 19
133 20
133 21
133 22
133 23
134 24
134 25
134 26
134 27
135 28
135 29
135 30
135 31
136 32
136 33
136 34
136 35
137 36
137 37
137 38
137 39
138 40
138 41
138 42
138 43
139 44
139 45
139 46
139 47
140 48
140 49
140 50
140 51
141 52
141 53
141 54
141 55
142 56
142 57
142 58
142 59
143 60
143 61
143 62
143 63
144 64
144 65
144 66
144 67
145 68
145 69
145 70
145 71
146 72
146 73
146 74
146 75
147 76
147 77
147 78
147 79
148 80
148 81
148 82
148 83
149 84
149 85
149 86
149 87
150 88
150 89
150 90
150 91
151 92
151 93
151 94
151 95
152 96
152 97
152 98
152 99
153 100
153 101
153 102
153 103
154 104
154 105
154 106
154 107
155 108
155 109
155 110
155 111
156 112
156 113
156 114
156 115
157 116
157 117
157 118
157 119
158 120
158 121
158 122
158 123
159 124
159 125
159 126
159 127
160 128
160 129
160 130
160 131
161 128
161 129
161 130
161 131
162 128
162 129
162 130
162 131
163 128
163 129
163 130
163 131
164 132
164 133
164 134
164 135
165 132
165 133
165 134
165 135
166 132
166 133
166 134
166 135
167 132
167 133
167 134
167 135
168 136
168 137
168 138
168 139
169 136
169 137
169 138
169 139
170 136
170 137
170 138
170 139
171 136
171 137
171 138
171 139
172 140
172 141
172 142
172 143
173 140
173 141
173 142
173 143
174 140
174 141
174 142
174 143
175 140
175 141
175 142
175 143
176 144
176 145
176 146
176 147
177 144
177 145
177 146
177 147
178 144
178 145
178 146
178 147
179 144
179 145
179 146
179 147
180 148
180 149
180 150
180 151
181 148
181 149
181 150
181 151
182 148
182 149
182 150
182 151
183 148
183 149
183 150
183 151
184 152
184 153
184 154
184 155
185 152
185 153
185 154
185 155
186 152
186 153
186 154
186 155
187 152
187 153
187 154
187 155
188 156
188 157
188 158
188 159
189 156
189 157
189 158
189 159
190 156
190 157
190 158
190 159
191 156
191 157
191 158
191 159
192 160
192 164
192 168
192 172
192 176
192 180
192 184
192 188
193 160
193 164
193 168
193 172
193 176
193 180
193 184
193 188
194 160
194 164
194 168
194 172
194 176
194 180
194 184
194 188
195 160
195 164
195 168
195 172
195 176
195 180
195 184
195 188
196 161
196 165
196 169
196 173
196 177
196 181
196 185
196 189
197 161
197 165
197 169
197 173
197 177
197 181
197 185
197 189
198 161
198 165
198 169
198 173
198 177
198 181
198 185
198 189
199 161
199 165
199 169
199 173
199 177
199 181
199 185
199 189
200 162
200 166
200 170
200 174
200 178
200 182
200 186
200 190
201 162
201 166
201 170
201 174
201 178
201 182
201 186
201 190
202 162
202 166
202 170
202 174
202 178
202 182
202 186
202 190
203 162
203 166
203 170
203 174
203 178
203 182
203 186
203 190
204 163
204 167
204 171
204 175
204 179
204 183
204 187
204 191
205 163
205 167
205 171
205 175
205 179
205 183
205 187
205 191
206 163
206 167
206 171
206 175
206 179
206 183
206 187
206 191
207 163
207 167
207 171
207 175
207 179
207 183
207 187
207 191
128 36 8 0 0
128 24 94 0 1
129 54 23 0 2
129 58 22 0 3
130 107 5 0 4
130 6 80 0 5
131 119 34 0 6
131 56 83 0 7
132 75 75 0 8
133 68 49 0 9
134 91 60 0 10
134 21 79 0 11
135 88 3 0 12
135 48 62 0 13
136 28 34 0 14
137 108 63 0 15
138 18 94 0 16
139 24 99 0 17
140 85 28 0 18
140 30 92 0 19
141 13 47 0 20
142 23 30 0 21
142 49 94 0 22
143 15 84 0 23
144 59 12 0 24
144 36 38 0 25
145 95 3 0 26
145 32 36 0 27
145 86 91 0 28
146 12 46 0 29
147 63 31 0 30
147 8 48 0 31
148 71 32 0 32
149 78 72 0 33
150 109 70 0 34
151 63 52 0 35
152 43 78 0 36
153 8 73 0 37
154 57 89 0 38
155 20 46 0 39
156 121 45 0 40
157 3 98 0 41
158 15 92 0 42
159 53 94 0 43
129 22 34 1 44
129 53 60 1 45
131 83 87 1 46
136 10 38 1 47
137 71 44 1 48
138 70 4 1 49
138 97 15 1 50
138 10 55 1 51
139 93 17 1 52
139 124 1 1 53
139 122 95 1 54
141 73 39 1 55
146 6 16 1 56
146 103 83 1 57
147 110 88 1 58
148 51 51 1 59
149 15 48 1 60
149 79 75 1 61
150 114 9 1 62
150 62 49 1 63
151 65 74 1 64
155 123 97 1 65
156 117 29 1 66
156 21 29 1 67
158 97 4 1 68
158 69 16 1 69
158 124 54 1 70
128 21 13 2 71
128 101 34 2 72
133 117 50 2 73
134 65 28 2 74
134 111 66 2 75
137 9 24 2 76
138 30 42 2 77
140 47 52 2 78
141 79 49 2 79
142 36 61 2 80
144 87 77 2 81
145 93 58 2 82
145 98 37 2 83
147 89 3 2 84
147 112 35 2 85
150 99 31 2 86
150 10 36 2 87
151 72 97 2 88
154 78 76 2 89
156 100 49 2 90
157 42 99 2 91
158 126 62 2 92
128 28 89 3 93
129 109 5 3 94
129 107 89 3 95
131 44 92 3 96
132 10 21 3 97
134 63 11 3 98
134 80 55 3 99
135 109 12 3 100
135 123 58 3 101
136 44 77 3 102
137 23 15 3 103
137 1 72 3 104
138 49 60 3 105
139 22 81 3 106
141 107 3 3 107
141 83 34 3 108
145 28 75 3 109
146 78 21 3 110
146 43 7 3 111
147 115 82 3 112
148 84 52 3 113
149 126 78 3 114
150 112 80 3 115
152 31 66 3 116
153 51 83 3 117
154 51 9 3 118
155 13 12 3 119
155 42 16 3 120
155 46 9 3 121
156 108 74 3 122
158 89 49 3 123
130 66 61 4 124
131 59 79 4 125
132 38 75 4 126
133 76 52 4 127
134 47 87 4 128
138 61 90 4 129
139 6 3 4 130
139 34 49 4 131
140 74 83 4 132
141 76 83 4 133
142 29 12 4 134
142 79 51 4 135
143 16 67 4 136
145 119 31 4 137
146 42 98 4 138
147 65 84 4 139
149 106 63 4 140
150 85 42 4 141
150 65 43 4 142
154 68 46 4 143
155 93 35 4 144
157 14 79 4 145
158 34 20 4 146
158 117 95 4 147
159 27 57 4 148
128 14 27 5 149
129 48 18 5 150
129 87 67 5 151
131 78 47 5 152
137 74 83 5 153
138 2 53 5 154
139 13 80 5 155
140 2 73 5 156
141 92 2 5 157
141 127 19 5 158
142 28 26 5 159
145 81 19 5 160
145 40 99 5 161
147 51 46 5 162
149 33 77 5 163
150 38 79 5 164
151 123 41 5 165
154 107 70 5 166
155 94 32 5 167
155 16 4 5 168
155 15 7 5 169
156 92 60 5 170
128 36 67 6 171
130 112 63 6 172
131 9 91 6 173
134 36 84 6 174
135 61 82 6 175
138 83 75 6 176
139 76 51 6 177
141 50 67 6 178
142 109 4 6 179
142 106 66 6 180
144 1 10 6 181
144 32 94 6 182
146 22 84 6 183
147 10 34 6 184
148 0 55 6 185
149 126 77 6 186
150 66 89 6 187
151 110 3 6 188
151 18 43 6 189
152 85 37 6 190
154 111 75 6 191
155 99 68 6 192
156 65 18 6 193
157 72 81 6 194
158 36 2 6 195
158 110 5 6 196
158 7 36 6 197
158 127 29 6 198
128 48 76 7 199
129 87 62 7 200
133 32 93 7 201
134 119 8 7 202
134 41 27 7 203
134 86 44 7 204
136 21 14 7 205
136 119 95 7 206
137 42 65 7 207
138 92 42 7 208
139 25 40 7 209
140 121 6 7 210
140 71 54 7 211
141 5 3 7 212
143 85 41 7 213
145 101 59 7 214
145 47 21 7 215
147 95 43 7 216
147 95 62 7 217
149 18 99 7 218
151 122 89 7 219
153 85 24 7 220
155 44 20 7 221
156 33 80 7 222
158 113 99 7 223
159 101 74 7 224
129 26 36 8 225
131 43 55 8 226
131 4 89 8 227
132 75 25 8 228
134 77 59 8 229
137 9 53 8 230
138 121 60 8 231
139 52 81 8 232
141 100 8 8 233
141 41 78 8 234
142 6 88 8 235
145 124 22 8 236
145 119 43 8 237
146 78 21 8 238
146 17 71 8 239
147 3 10 8 240
147 10 92 8 241
150 12 62 8 242
152 44 37 8 243
153 107 53 8 244
154 26 87 8 245
155 70 9 8 246
155 115 82 8 247
156 13 25 8 248
157 100 39 8 249
158 28 93 8 250
128 21 53 9 251
129 6 54 9 252
130 8 25 9 253
132 2 83 9 254
134 19 64 9 255
137 121 1 9 256
137 117 36 9 257
138 111 47 9 258
138 17 93 9 259
139 44 66 9 260
140 4 19 9 261
140 28 15 9 262
140 27 92 9 263
143 50 33 9 264
145 48 88 9 265
148 86 47 9 266
149 73 28 9 267
149 21 32 9 268
150 103 64 9 269
151 78 76 9 270
156 100 24 9 271
157 35 27 9 272
157 127 92 9 273
128 9 69 10 274
129 34 80 10 275
131 103 80 10 276
134 63 95 10 277
135 83 18 10 278
137 95 83 10 279
139 6 98 10 280
141 65 47 10 281
142 40 41 10 282
143 2 56 10 283
145 111 6 10 284
145 86 88 10 285
146 90 64 10 286
147 56 96 10 287
149 90 21 10 288
149 58 23 10 289
149 99 72 10 290
150 62 32 10 291
150 101 47 10 292
152 43 82 10 293
154 109 48 10 294
155 12 10 10 295
155 64 43 10 296
156 102 21 10 297
156 94 99 10 298
158 125 53 10 299
159 42 70 10 300
130 48 55 11 301
131 65 85 11 302
133 78 75 11 303
134 115 73 11 304
135 20 22 11 305
138 85 89 11 306
139 126 5 11 307
139 103 81 11 308
140 63 71 11 309
141 21 37 11 310
142 72 5 11 311
142 24 99 11 312
144 40 11 11 313
144 127 10 11 314
146 13 72 11 315
147 39 14 11 316
148 98 93 11 317
149 27 30 11 318
150 23 10 11 319
150 59 28 11 320
151 124 51 11 321
153 99 46 11 322
154 44 37 11 323
155 62 27 11 324
157 88 16 11 325
158 113 37 11 326
158 39 84 11 327
128 78 46 12 328
129 58 4 12 329
129 118 1 12 330
129 69 64 12 331
131 91 79 12 332
135 41 37 12 333
136 121 47 12 334
137 16 25 12 335
138 9 76 12 336
141 119 10 12 337
141 95 28 12 338
141 36 80 12 339
144 35 75 12 340
145 3 44 12 341
145 44 27 12 342
147 93 58 12 343
147 34 96 12 344
149 65 38 12 345
150 29 41 12 346
150 52 67 12 347
151 61 13 12 348
151 126 35 12 349
154 39 17 12 350
154 38 88 12 351
155 36 75 12 352
156 9 74 12 353
157 55 25 12 354
157 78 98 12 355
158 110 20 12 356
128 125 27 13 357
130 25 55 13 358
132 5 95 13 359
134 114 1 13 360
134 81 32 13 361
134 7 24 13 362
137 62 52 13 363
138 15 40 13 364
139 37 54 13 365
140 59 85 13 366
142 57 70 13 367
143 76 20 13 368
145 19 12 13 369
145 59 39 13 370
146 106 88 13 371
149 108 28 13 372
149 16 20 13 373
149 39 20 13 374
150 39 21 13 375
151 42 18 13 376
151 29 41 13 377
153 97 41 13 378
155 58 47 13 379
158 59 48 13 380
128 93 16 14 381
128 53 2 14 382
128 105 88 14 383
129 110 51 14 384
131 64 81 14 385
134 51 64 14 386
135 47 41 14 387
136 52 23 14 388
137 59 62 14 389
138 23 78 14 390
139 58 80 14 391
141 56 55 14 392
143 36 98 14 393
145 109 9 14 394
145 70 3 14 395
145 89 58 14 396
147 106 83 14 397
149 52 78 14 398
150 16 86 14 399
151 32 4 14 400
151 44 27 14 401
152 26 59 14 402
154 88 49 14 403
155 115 10 14 404
156 4 5 14 405
156 9 16 14 406
158 112 48 14 407
158 46 25 14 408
159 11 11 14 409
159 63 46 14 410
129 36 79 15 411
131 59 90 15 412
133 10 90 15 413
134 34 99 15 414
135 85 64 15 415
136 82 80 15 416
137 52 97 15 417
138 36 89 15 418
139 76 94 15 419
140 125 4 15 420
140 9 7 15 421
140 4 99 15 422
142 76 88 15 423
144 88 58 15 424
145 99 91 15 425
146 27 65 15 426
147 125 60 15 427
148 94 46 15 428
149 61 72 15 429
150 93 26 15 430
150 80 47 15 431
151 91 70 15 432
153 69 6 15 433
153 84 28 15 434
155 127 93 15 435
156 97 78 15 436
157 66 91 15 437
158 105 41 15 438
158 38 50 15 439
128 98 36 16 440
130 26 54 16 441
131 89 18 16 442
134 79 86 16 443
139 109 63 16 444
141 1 74 16 445
145 53 31 16 446
147 99 32 16 447
149 115 23 16 448
149 53 94 16 449
150 113 46 16 450
153 94 1 16 451
153 43 87 16 452
154 100 54 16 453
156 34 23 16 454
158 78 84 16 455
159 124 43 16 456
128 103 8 17 457
128 85 11 17 458
128 83 35 17 459
129 97 88 17 460
131 111 41 17 461
131 2 13 17 462
131 79 98 17 463
132 74 3 17 464
132 53 69 17 465
134 92 89 17 466
138 49 23 17 467
138 126 3 17 468
138 70 81 17 469
139 105 74 17 470
141 25 15 17 471
142 20 48 17 472
145 107 12 17 473
145 102 67 17 474
146 119 25 17 475
146 47 93 17 476
147 121 85 17 477
148 30 22 17 478
150 21 50 17 479
151 107 99 17 480
152 12 55 17 481
154 37 99 17 482
155 56 99 17 483
156 90 92 17 484
157 46 6 17 485
157 57 91 17 486
158 27 32 17 487
128 102 15 18 488
128 42 34 18 489
130 51 31 18 490
137 96 16 18 491
137 60 25 18 492
137 33 26 18 493
138 100 66 18 494
139 93 37 18 495
140 0 54 18 496
141 95 45 18 497
142 77 94 18 498
144 25 3 18 499
144 126 77 18 500
145 31 31 18 501
145 60 47 18 502
147 51 77 18 503
148 110 85 18 504
149 34 2 18 505
149 93 72 18 506
150 87 41 18 507
150 113 89 18 508
158 108 88 18 509
159 6 77 18 510
128 20 93 19 511
129 13 46 19 512
131 57 59 19 513
133 47 37 19 514
134 81 19 19 515
134 63 54 19 516
135 64 42 19 517
136 4 2 19 518
136 1 65 19 519
137 70 39 19 520
138 55 82 19 521
139 4 10 19 522
139 73 70 19 523
140 7 48 19 524
141 42 56 19 525
143 68 84 19 526
145 44 15 19 527
145 90 38 19 528
146 112 1 19 529
146 107 9 19 530
147 71 14 19 531
147 109 16 19 532
149 61 35 19 533
149 34 90 19 534
151 7 96 19 535
152 17 21 19 536
154 75 92 19 537
155 17 31 19 538
156 107 92 19 539
157 6 96 19 540
158 107 14 19 541
129 106 81 20 542
130 91 44 20 543
131 25 44 20 544
134 68 71 20 545
137 34 59 20 546
139 118 69 20 547
140 58 47 20 548
141 121 28 20 549
142 125 23 20 550
142 106 70 20 551
145 2 75 20 552
146 32 18 20 553
146 32 31 20 554
147 92 66 20 555
150 98 76 20 556
152 36 40 20 557
155 108 6 20 558
155 94 98 20 559
158 54 44 20 560
158 48 57 20 561
128 61 86 21 562
131 64 69 21 563
132 2 69 21 564
133 73 41 21 565
134 11 74 21 566
135 22 53 21 567
137 54 79 21 568
138 17 56 21 569
139 55 22 21 570
140 74 56 21 571
141 19 92 21 572
145 27 98 21 573
146 86 58 21 574
147 6 46 21 575
147 65 82 21 576
149 70 94 21 577
150 121 5 21 578
150 32 29 21 579
150 54 89 21 580
151 62 69 21 581
153 125 11 21 582
153 64 57 21 583
154 94 53 21 584
156 20 7 21 585
156 119 76 21 586
157 47 37 21 587
158 0 15 21 588
158 39 40 21 589
129 106 8 22 590
129 77 19 22 591
130 107 53 22 592
131 71 95 22 593
134 90 56 22 594
136 71 67 22 595
138 16 78 22 596
139 117 6 22 597
139 104 21 22 598
139 54 92 22 599
140 60 46 22 600
142 99 52 22 601
144 114 26 22 602
146 4 93 22 603
149 107 61 22 604
152 41 37 22 605
155 88 11 22 606
155 111 21 22 607
157 13 97 22 608
158 53 44 22 609
159 102 29 22 610
128 1 23 23 611
129 76 55 23 612
131 61 4 23 613
131 26 28 23 614
133 115 83 23 615
134 88 76 23 616
135 80 67 23 617
137 68 86 23 618
138 103 22 23 619
138 80 67 23 620
140 57 40 23 621
141 103 50 23 622
142 79 95 23 623
143 44 25 23 624
144 91 49 23 625
145 98 80 23 626
147 4 28 23 627
147 80 55 23 628
148 44 42 23 629
149 91 87 23 630
150 36 57 23 631
151 106 85 23 632
154 68 52 23 633
155 66 73 23 634
156 53 32 23 635
158 26 67 23 636
159 79 64 23 637
128 45 98 24 638
129 74 73 24 639
131 37 62 24 640
132 32 77 24 641
134 77 93 24 642
138 53 43 24 643
139 17 94 24 644
140 38 43 24 645
141 84 68 24 646
143 111 69 24 647
145 107 75 24 648
146 52 78 24 649
147 116 83 24 650
150 75 78 24 651
152 37 28 24 652
153 1 59 24 653
154 79 89 24 654
156 66 11 24 655
156 67 31 24 656
157 76 85 24 657
158 28 63 24 658
130 121 28 25 659
131 108 70 25 660
136 41 45 25 661
137 56 41 25 662
138 120 6 25 663
138 91 33 25 664
138 114 99 25 665
139 12 78 25 666
140 113 72 25 667
141 36 66 25 668
142 98 57 25 669
144 9 77 25 670
145 51 70 25 671
147 84 74 25 672
148 78 42 25 673
149 51 19 25 674
149 48 91 25 675
150 62 58 25 676
151 11 11 25 677
151 113 90 25 678
152 113 62 25 679
155 105 80 25 680
156 106 64 25 681
158 122 30 25 682
158 71 95 25 683
128 123 53 26 684
129 25 14 26 685
129 75 53 26 686
130 15 37 26 687
131 111 8 26 688
131 100 91 26 689
134 20 57 26 690
135 96 44 26 691
137 62 79 26 692
139 98 58 26 693
145 95 82 26 694
146 8 10 26 695
146 41 80 26 696
147 98 53 26 697
149 84 80 26 698
150 44 36 26 699
150 41 61 26 700
154 122 18 26 701
154 24 57 26 702
156 95 17 26 703
157 98 8 26 704
159 17 89 26 705
128 34 94 27 706
129 8 74 27 707
131 122 58 27 708
133 94 26 27 709
134 20 81 27 710
136 63 74 27 711
138 91 95 27 712
139 39 77 27 713
140 63 83 27 714
141 57 52 27 715
142 24 71 27 716
143 50 10 27 717
143 50 55 27 718
145 12 10 27 719
145 2 48 27 720
147 57 1 27 721
147 33 16 27 722
148 86 81 27 723
150 18 44 27 724
151 76 2 27 725
151 127 51 27 726
153 49 26 27 727
155 8 10 27 728
155 57 16 27 729
155 67 39 27 730
156 49 33 27 731
157 51 7 27 732
157 64 58 27 733
158 58 73 27 734
130 20 64 28 735
131 30 2 28 736
131 30 98 28 737
132 108 73 28 738
133 116 52 28 739
134 101 23 28 740
134 111 67 28 741
135 44 72 28 742
137 123 37 28 743
139 17 35 28 744
141 60 55 28 745
142 3 2 28 746
145 119 22 28 747
146 80 99 28 748
147 55 87 28 749
149 38 30 28 750
149 76 32 28 751
150 27 16 28 752
150 82 62 28 753
151 43 21 28 754
152 97 40 28 755
153 54 39 28 756
154 36 8 28 757
154 47 36 28 758
155 107 16 28 759
155 51 32 28 760
156 82 99 28 761
157 40 87 28 762
158 41 18 28 763
158 22 21 28 764
158 116 39 28 765
129 123 99 29 766
134 35 32 29 767
137 49 73 29 768
138 105 9 29 769
138 58 69 29 770
139 80 89 29 771
140 55 79 29 772
142 108 39 29 773
142 41 80 29 774
144 116 20 29 775
145 7 24 29 776
145 37 87 29 777
147 71 73 29 778
149 33 29 29 779
149 36 48 29 780
150 66 86 29 781
151 95 70 29 782
154 104 10 29 783
154 67 36 29 784
155 120 87 29 785
158 127 43 29 786
128 78 39 30 787
131 110 2 30 788
131 112 32 30 789
131 78 8 30 790
131 94 78 30 791
133 67 34 30 792
134 80 96 30 793
138 51 78 30 794
139 60 26 30 795
141 30 57 30 796
143 47 54 30 797
144 25 70 30 798
145 23 3 30 799
145 114 68 30 800
146 127 47 30 801
147 98 48 30 802
148 20 85 30 803
149 64 36 30 804
149 87 8 30 805
149 105 21 30 806
150 89 58 30 807
151 92 93 30 808
152 16 40 30 809
153 27 9 30 810
153 24 58 30 811
154 96 73 30 812
156 69 51 30 813
157 5 25 30 814
158 100 26 30 815
158 34 74 30 816
128 42 15 31 817
128 88 27 31 818
129 41 40 31 819
130 27 2 31 820
130 30 43 31 821
132 26 56 31 822
134 17 79 31 823
136 93 79 31 824
137 82 84 31 825
138 71 60 31 826
139 41 34 31 827
139 62 79 31 828
140 47 22 31 829
140 114 65 31 830
141 127 46 31 831
142 87 4 31 832
142 21 41 31 833
145 14 63 31 834
147 1 7 31 835
147 127 63 31 836
149 70 10 31 837
149 75 12 31 838
149 17 75 31 839
150 39 98 31 840
154 38 42 31 841
155 44 95 31 842
156 70 74 31 843
157 89 21 31 844
157 106 56 31 845
158 11 71 31 846
159 9 21 31 847
128 4 57 32 848
129 13 57 32 849
131 58 53 32 850
131 69 26 32 851
133 58 69 32 852
135 69 38 32 853
138 47 30 32 854
138 127 77 32 855
139 104 9 32 856
141 87 10 32 857
141 119 92 32 858
142 58 70 32 859
145 85 30 32 860
146 79 75 32 861
147 77 22 32 862
147 40 63 32 863
149 17 40 32 864
152 83 41 32 865
154 26 49 32 866
158 21 32 32 867
159 32 85 32 868
128 78 52 33 869
129 38 57 33 870
130 78 86 33 871
131 8 49 33 872
134 103 87 33 873
137 127 92 33 874
139 91 86 33 875
140 9 80 33 876
143 48 89 33 877
144 24 81 33 878
145 12 20 33 879
145 112 52 33 880
146 51 2 33 881
146 104 67 33 882
147 20 12 33 883
147 123 11 33 884
149 26 19 33 885
149 9 5 33 886
149 67 58 33 887
150 64 21 33 888
150 125 84 33 889
151 80 80 33 890
153 81 41 33 891
154 43 32 33 892
155 89 98 33 893
156 83 19 33 894
156 20 61 33 895
157 7 31 33 896
157 126 54 33 897
158 108 62 33 898
128 73 97 34 899
131 39 78 34 900
132 47 67 34 901
134 29 4 34 902
134 62 74 34 903
135 107 65 34 904
138 85 70 34 905
139 110 88 34 906
141 0 46 34 907
142 44 66 34 908
145 20 90 34 909
147 6 72 34 910
148 121 5 34 911
149 12 79 34 912
151 29 34 34 913
152 26 78 34 914
154 34 78 34 915
157 122 87 34 916
158 66 97 34 917
129 18 68 35 918
131 1 99 35 919
133 99 19 35 920
134 79 7 35 921
134 59 17 35 922
134 94 31 35 923
136 20 4 35 924
136 12 69 35 925
137 70 32 35 926
137 81 81 35 927
138 75 65 35 928
139 10 84 35 929
140 58 64 35 930
141 72 44 35 931
142 119 18 35 932
145 119 36 35 933
146 78 80 35 934
147 120 54 35 935
148 84 47 35 936
149 109 60 35 937
150 24 80 35 938
151 61 52 35 939
153 28 26 35 940
156 100 79 35 941
158 43 25 35 942
128 99 42 36 943
129 111 73 36 944
131 3 43 36 945
133 112 55 36 946
134 80 63 36 947
138 101 87 36 948
140 45 32 36 949
141 52 25 36 950
142 82 31 36 951
145 13 88 36 952
147 110 97 36 953
149 99 72 36 954
150 119 84 36 955
151 119 62 36 956
153 50 36 36 957
154 102 92 36 958
155 35 75 36 959
156 36 88 36 960
158 75 57 36 961
159 8 51 36 962
128 74 85 37 963
130 39 98 37 964
131 14 40 37 965
132 121 64 37 966
134 35 37 37 967
135 57 78 37 968
137 59 98 37 969
138 37 12 37 970
138 105 35 37 971
139 68 37 37 972
139 46 61 37 973
140 73 79 37 974
141 21 83 37 975
142 109 63 37 976
143 126 16 37 977
144 1 29 37 978
145 110 60 37 979
146 50 47 37 980
147 25 39 37 981
148 85 25 37 982
150 116 41 37 983
155 33 7 37 984
157 26 44 37 985
158 75 68 37 986
129 5 62 38 987
131 98 14 38 988
131 30 42 38 989
131 74 78 38 990
134 55 4 38 991
134 12 24 38 992
134 122 25 38 993
134 95 44 38 994
136 111 37 38 995
138 105 2 38 996
138 50 36 38 997
138 67 91 38 998
139 16 54 38 999
142 73 98 38 1000
143 62 99 38 1001
144 117 16 38 1002
145 108 5 38 1003
145 26 99 38 1004
146 10 21 38 1005
146 12 1 38 1006
146 1 85 38 1007
147 110 74 38 1008
148 22 53 38 1009
149 54 74 38 1010
150 1 61 38 1011
151 92 20 38 1012
151 101 87 38 1013
152 92 99 38 1014
153 37 1 38 1015
153 76 2 38 1016
153 19 79 38 1017
154 105 41 38 1018
155 16 44 38 1019
156 41 84 38 1020
157 123 74 38 1021
158 126 26 38 1022
158 35 62 38 1023
159 1 82 38 1024
128 101 64 39 1025
129 64 23 39 1026
133 110 95 39 1027
134 61 28 39 1028
134 25 66 39 1029
139 75 35 39 1030
140 26 86 39 1031
141 121 99 39 1032
144 69 91 39 1033
147 78 63 39 1034
149 90 24 39 1035
149 52 18 39 1036
149 113 75 39 1037
150 95 13 39 1038
150 18 62 39 1039
154 118 56 39 1040
155 40 57 39 1041
157 111 19 39 1042
158 86 74 39 1043
129 13 63 40 1044
131 17 63 40 1045
132 96 35 40 1046
135 73 66 40 1047
136 97 84 40 1048
137 79 32 40 1049
137 70 11 40 1050
138 53 54 40 1051
139 62 98 40 1052
142 106 52 40 1053
145 47 87 40 1054
146 22 56 40 1055
147 3 67 40 1056
150 4 89 40 1057
151 22 32 40 1058
154 121 86 40 1059
155 3 79 40 1060
156 15 41 40 1061
157 61 11 40 1062
157 61 2 40 1063
157 21 76 40 1064
158 15 68 40 1065
128 46 61 41 1066
129 26 36 41 1067
131 82 18 41 1068
131 102 59 41 1069
134 54 11 41 1070
134 59 73 41 1071
137 45 12 41 1072
137 92 19 41 1073
137 81 62 41 1074
138 107 20 41 1075
138 14 38 41 1076
139 44 34 41 1077
140 11 10 41 1078
140 1 36 41 1079
141 85 30 41 1080
145 119 59 41 1081
147 19 74 41 1082
148 104 61 41 1083
149 116 81 41 1084
150 85 20 41 1085
151 1 32 41 1086
156 92 60 41 1087
158 3 15 41 1088
158 40 17 41 1089
128 58 7 42 1090
128 125 32 42 1091
129 87 79 42 1092
130 81 36 42 1093
131 81 43 42 1094
132 127 59 42 1095
134 59 7 42 1096
134 50 18 42 1097
134 27 50 42 1098
138 24 51 42 1099
138 28 87 42 1100
139 35 63 42 1101
140 106 20 42 1102
140 122 45 42 1103
141 53 22 42 1104
141 125 95 42 1105
142 106 77 42 1106
143 123 89 42 1107
145 89 89 42 1108
146 61 69 42 1109
147 76 20 42 1110
147 65 70 42 1111
149 43 91 42 1112
150 51 81 42 1113
151 58 64 42 1114
152 127 73 42 1115
153 86 52 42 1116
154 53 83 42 1117
155 8 13 42 1118
155 60 72 42 1119
157 63 78 42 1120
158 17 94 42 1121
159 40 98 42 1122
128 68 10 43 1123
128 23 79 43 1124
130 33 23 43 1125
131 57 24 43 1126
131 26 68 43 1127
133 78 73 43 1128
134 7 52 43 1129
137 122 47 43 1130
139 36 31 43 1131
139 73 75 43 1132
140 2 24 43 1133
142 111 20 43 1134
146 125 56 43 1135
147 48 88 43 1136
149 40 85 43 1137
150 44 44 43 1138
151 85 79 43 1139
156 64 28 43 1140
156 123 28 43 1141
158 47 92 43 1142
129 86 82 44 1143
130 70 96 44 1144
131 105 70 44 1145
134 108 86 44 1146
135 79 17 44 1147
135 4 88 44 1148
136 122 74 44 1149
137 43 13 44 1150
137 41 11 44 1151
137 49 78 44 1152
138 8 53 44 1153
139 38 47 44 1154
140 20 82 44 1155
142 89 27 44 1156
142 33 22 44 1157
144 97 37 44 1158
145 13 41 44 1159
145 60 76 44 1160
148 46 67 44 1161
150 68 47 44 1162
150 47 13 44 1163
150 106 21 44 1164
153 13 43 44 1165
154 119 50 44 1166
155 35 86 44 1167
156 3 72 44 1168
157 22 58 44 1169
128 69 71 45 1170
131 70 61 45 1171
132 3 50 45 1172
134 95 60 45 1173
138 67 4 45 1174
138 67 92 45 1175
139 90 89 45 1176
141 84 61 45 1177
142 88 97 45 1178
144 106 18 45 1179
145 27 74 45 1180
146 3 69 45 1181
147 119 28 45 1182
147 122 23 45 1183
149 69 45 45 1184
149 20 38 45 1185
150 77 98 45 1186
151 52 16 45 1187
154 13 10 45 1188
157 70 38 45 1189
158 7 40 45 1190
158 94 37 45 1191
129 63 83 46 1192
131 84 21 46 1193
131 103 79 46 1194
134 107 25 46 1195
134 119 63 46 1196
137 52 19 46 1197
138 28 66 46 1198
139 27 54 46 1199
140 29 62 46 1200
141 8 13 46 1201
141 64 94 46 1202
144 59 37 46 1203
146 116 35 46 1204
147 83 24 46 1205
147 86 8 46 1206
147 108 67 46 1207
149 34 91 46 1208
150 96 60 46 1209
151 79 25 46 1210
151 25 6 46 1211
151 71 20 46 1212
152 117 22 46 1213
153 6 37 46 1214
154 96 20 46 1215
154 25 7 46 1216
154 125 57 46 1217
155 2 8 46 1218
155 70 47 46 1219
156 50 53 46 1220
157 95 90 46 1221
158 5 13 46 1222
158 100 37 46 1223
128 106 95 47 1224
132 32 45 47 1225
133 17 85 47 1226
134 51 55 47 1227
137 3 31 47 1228
137 68 4 47 1229
137 47 22 47 1230
138 106 88 47 1231
139 74 61 47 1232
140 27 94 47 1233
142 6 97 47 1234
143 27 94 47 1235
145 13 89 47 1236
146 121 16 47 1237
146 55 11 47 1238
147 114 87 47 1239
148 29 76 47 1240
149 119 33 47 1241
150 73 26 47 1242
151 12 18 47 1243
151 45 94 47 1244
152 34 25 47 1245
155 98 79 47 1246
156 9 2 47 1247
156 112 55 47 1248
158 120 98 47 1249
159 63 69 47 1250
129 110 10 48 1251
129 97 28 48 1252
131 120 50 48 1253
131 86 99 48 1254
134 123 5 48 1255
134 12 37 48 1256
136 10 14 48 1257
136 7 75 48 1258
137 86 78 48 1259
138 24 52 48 1260
139 71 44 48 1261
144 78 48 48 1262
145 103 92 48 1263
146 16 64 48 1264
147 6 91 48 1265
149 117 57 48 1266
150 91 77 48 1267
152 49 55 48 1268
153 97 68 48 1269
154 110 41 48 1270
156 73 25 48 1271
157 122 60 48 1272
158 80 64 48 1273
128 18 23 49 1274
129 113 62 49 1275
130 41 40 49 1276
132 28 22 49 1277
134 19 50 49 1278
135 92 91 49 1279
138 15 77 49 1280
139 124 60 49 1281
140 121 77 49 1282
141 91 48 49 1283
142 70 90 49 1284
145 33 50 49 1285
146 33 25 49 1286
149 91 62 49 1287
150 24 86 49 1288
151 89 44 49 1289
154 47 81 49 1290
155 63 16 49 1291
155 41 70 49 1292
156 84 41 49 1293
157 64 14 49 1294
158 80 88 49 1295
128 86 63 50 1296
129 121 2 50 1297
129 33 71 50 1298
131 56 37 50 1299
132 67 5 50 1300
132 34 31 50 1301
134 4 42 50 1302
134 111 54 50 1303
137 24 73 50 1304
138 46 87 50 1305
139 29 51 50 1306
141 74 34 50 1307
141 62 39 50 1308
144 32 73 50 1309
145 15 11 50 1310
145 7 9 50 1311
145 100 20 50 1312
146 41 24 50 1313
146 85 38 50 1314
147 96 10 50 1315
147 50 37 50 1316
148 87 47 50 1317
149 30 20 50 1318
149 69 84 50 1319
150 22 91 50 1320
151 30 82 50 1321
156 50 16 50 1322
156 22 55 50 1323
157 90 2 50 1324
157 97 1 50 1325
157 51 25 50 1326
157 1 82 50 1327
159 23 30 50 1328
128 56 7 51 1329
128 57 71 51 1330
130 48 78 51 1331
131 37 21 51 1332
131 16 13 51 1333
131 84 23 51 1334
131 32 34 51 1335
133 24 79 51 1336
134 32 66 51 1337
137 10 40 51 1338
139 74 30 51 1339
139 17 49 51 1340
140 43 14 51 1341
141 65 88 51 1342
143 57 68 51 1343
145 69 88 51 1344
146 41 72 51 1345
147 7 63 51 1346
149 15 67 51 1347
152 80 7 51 1348
152 121 99 51 1349
153 14 96 51 1350
154 37 10 51 1351
154 2 82 51 1352
155 18 36 51 1353
156 50 6 51 1354
158 57 43 51 1355
158 53 58 51 1356
159 73 28 51 1357
129 58 31 52 1358
131 15 86 52 1359
132 26 15 52 1360
134 35 59 52 1361
136 83 14 52 1362
136 88 40 52 1363
137 101 39 52 1364
138 25 30 52 1365
138 72 78 52 1366
139 86 96 52 1367
140 94 35 52 1368
140 76 73 52 1369
142 122 21 52 1370
142 119 75 52 1371
145 60 2 52 1372
145 107 40 52 1373
147 71 6 52 1374
147 102 82 52 1375
149 89 39 52 1376
150 90 6 52 1377
150 99 2 52 1378
150 3 39 52 1379
150 4 53 52 1380
151 108 18 52 1381
155 92 16 52 1382
155 28 73 52 1383
156 56 64 52 1384
157 115 42 52 1385
158 115 47 52 1386
128 42 98 53 1387
129 87 31 53 1388
129 28 41 53 1389
131 111 20 53 1390
132 85 15 53 1391
132 103 23 53 1392
134 29 96 53 1393
135 81 9 53 1394
135 114 42 53 1395
137 6 85 53 1396
138 74 22 53 1397
139 38 95 53 1398
141 98 1 53 1399
141 18 77 53 1400
145 125 45 53 1401
146 120 68 53 1402
147 66 24 53 1403
147 30 45 53 1404
148 91 51 53 1405
149 35 62 53 1406
150 42 52 53 1407
151 96 98 53 1408
154 17 2 53 1409
154 62 14 53 1410
154 97 62 53 1411
156 53 44 53 1412
157 117 28 53 1413
158 71 22 53 1414
158 20 99 53 1415
159 69 51 53 1416
129 48 86 54 1417
131 97 75 54 1418
132 12 5 54 1419
136 54 55 54 1420
138 20 28 54 1421
138 1 14 54 1422
138 15 74 54 1423
140 25 26 54 1424
142 14 25 54 1425
142 56 61 54 1426
143 26 90 54 1427
144 55 20 54 1428
145 18 80 54 1429
146 79 11 54 1430
147 64 16 54 1431
147 33 37 54 1432
149 10 31 54 1433
149 92 61 54 1434
150 26 97 54 1435
154 90 89 54 1436
155 36 78 54 1437
156 42 56 54 1438
157 63 72 54 1439
128 60 94 55 1440
130 67 11 55 1441
130 83 26 55 1442
131 30 84 55 1443
132 73 69 55 1444
133 110 26 55 1445
134 70 73 55 1446
135 119 22 55 1447
137 19 95 55 1448
139 96 68 55 1449
140 118 79 55 1450
141 12 49 55 1451
144 65 74 55 1452
145 103 49 55 1453
146 79 75 55 1454
147 73 89 55 1455
148 88 65 55 1456
149 6 20 55 1457
151 75 79 55 1458
156 31 97 55 1459
157 117 20 55 1460
158 42 58 55 1461
159 4 29 55 1462
129 115 34 56 1463
130 40 38 56 1464
131 110 3 56 1465
131 33 78 56 1466
133 90 82 56 1467
134 16 46 56 1468
135 67 80 56 1469
138 20 17 56 1470
138 112 95 56 1471
139 13 49 56 1472
141 93 67 56 1473
142 60 19 56 1474
142 65 36 56 1475
145 113 68 56 1476
146 119 78 56 1477
147 84 70 56 1478
149 80 10 56 1479
149 30 63 56 1480
150 104 19 56 1481
150 83 86 56 1482
152 47 92 56 1483
153 27 37 56 1484
155 62 43 56 1485
157 75 1 56 1486
157 99 77 56 1487
158 41 3 56 1488
158 88 33 56 1489
158 102 8 56 1490
158 23 51 56 1491
128 98 17 57 1492
129 53 98 57 1493
131 106 77 57 1494
134 97 11 57 1495
134 19 25 57 1496
134 74 84 57 1497
136 99 73 57 1498
137 77 94 57 1499
138 69 19 57 1500
139 80 42 57 1501
139 54 52 57 1502
140 14 68 57 1503
142 69 4 57 1504
142 98 43 57 1505
145 20 13 57 1506
145 113 54 57 1507
147 118 8 57 1508
149 55 1 57 1509
149 57 53 57 1510
150 41 28 57 1511
151 0 55 57 1512
154 50 16 57 1513
154 106 13 57 1514
154 74 12 57 1515
154 27 81 57 1516
155 107 92 57 1517
158 93 25 57 1518
159 118 67 57 1519
128 37 45 58 1520
130 50 79 58 1521
132 104 55 58 1522
134 123 85 58 1523
138 125 33 58 1524
138 47 2 58 1525
138 103 18 58 1526
139 34 2 58 1527
139 59 30 58 1528
140 34 75 58 1529
141 104 95 58 1530
142 9 50 58 1531
144 29 23 58 1532
145 79 9 58 1533
145 38 58 58 1534
146 29 65 58 1535
147 15 50 58 1536
147 1 30 58 1537
148 10 28 58 1538
149 48 92 58 1539
150 71 7 58 1540
150 120 39 58 1541
150 62 78 58 1542
151 35 31 58 1543
153 25 4 58 1544
153 19 66 58 1545
156 3 53 58 1546
157 15 22 58 1547
157 59 50 58 1548
158 1 56 58 1549
158 61 18 58 1550
128 87 8 59 1551
128 107 76 59 1552
129 26 55 59 1553
131 96 54 59 1554
131 11 75 59 1555
138 102 76 59 1556
139 123 69 59 1557
142 116 44 59 1558
143 76 39 59 1559
144 101 47 59 1560
145 74 56 59 1561
147 67 34 59 1562
147 94 60 59 1563
148 50 95 59 1564
149 61 36 59 1565
151 85 21 59 1566
151 68 26 59 1567
154 5 67 59 1568
155 78 19 59 1569
155 13 12 59 1570
155 55 49 59 1571
156 17 25 59 1572
157 99 11 59 1573
158 58 78 59 1574
133 106 4 60 1575
133 121 53 60 1576
134 41 41 60 1577
134 26 23 60 1578
135 59 20 60 1579
136 59 9 60 1580
137 83 1 60 1581
137 112 11 60 1582
137 95 56 60 1583
138 42 61 60 1584
139 69 30 60 1585
139 57 25 60 1586
140 9 30 60 1587
141 52 74 60 1588
142 16 49 60 1589
143 22 94 60 1590
145 102 48 60 1591
145 107 11 60 1592
145 124 58 60 1593
146 95 59 60 1594
147 39 66 60 1595
149 87 40 60 1596
149 30 53 60 1597
150 57 72 60 1598
151 106 13 60 1599
151 38 51 60 1600
152 46 29 60 1601
156 58 90 60 1602
157 84 9 60 1603
157 76 78 60 1604
158 66 94 60 1605
159 91 20 60 1606
128 80 47 61 1607
129 84 19 61 1608
129 50 78 61 1609
131 118 28 61 1610
131 50 86 61 1611
132 32 16 61 1612
132 108 51 61 1613
134 16 52 61 1614
135 92 6 61 1615
135 124 60 61 1616
136 16 57 61 1617
137 85 96 61 1618
138 48 63 61 1619
139 85 73 61 1620
140 37 52 61 1621
144 34 80 61 1622
145 27 50 61 1623
146 127 44 61 1624
147 126 53 61 1625
149 30 2 61 1626
149 110 3 61 1627
149 45 6 61 1628
149 96 56 61 1629
150 26 5 61 1630
150 52 88 61 1631
151 17 32 61 1632
153 43 97 61 1633
154 15 13 61 1634
154 114 74 61 1635
155 72 87 61 1636
158 82 36 61 1637
159 28 72 61 1638
128 56 63 62 1639
130 118 23 62 1640
131 113 55 62 1641
133 117 24 62 1642
134 101 75 62 1643
138 63 80 62 1644
139 15 23 62 1645
139 46 30 62 1646
140 46 20 62 1647
140 33 63 62 1648
141 13 81 62 1649
142 107 51 62 1650
145 111 49 62 1651
146 68 72 62 1652
147 79 92 62 1653
149 127 75 62 1654
150 92 11 62 1655
150 48 26 62 1656
151 48 22 62 1657
152 67 96 62 1658
156 55 19 62 1659
156 103 35 62 1660
157 58 39 62 1661
158 122 58 62 1662
128 99 57 63 1663
129 23 26 63 1664
130 70 42 63 1665
131 96 5 63 1666
131 114 30 63 1667
134 63 43 63 1668
134 110 93 63 1669
137 77 2 63 1670
138 5 69 63 1671
139 29 58 63 1672
139 58 11 63 1673
142 124 81 63 1674
145 12 4 63 1675
145 62 54 63 1676
149 79 63 63 1677
150 72 17 63 1678
150 45 85 63 1679
151 11 15 63 1680
151 87 60 63 1681
154 72 96 63 1682
155 85 98 63 1683
156 57 96 63 1684
157 97 83 63 1685
158 91 59 63 1686
129 27 28 64 1687
129 62 2 64 1688
129 57 36 64 1689
131 52 42 64 1690
131 8 84 64 1691
132 79 11 64 1692
132 88 79 64 1693
133 59 40 64 1694
135 54 24 64 1695
136 107 86 64 1696
137 38 33 64 1697
137 75 53 64 1698
138 28 37 64 1699
139 88 96 64 1700
140 40 77 64 1701
141 127 57 64 1702
145 83 12 64 1703
145 5 16 64 1704
145 91 56 64 1705
146 63 70 64 1706
147 109 76 64 1707
148 8 48 64 1708
149 105 80 64 1709
150 102 50 64 1710
151 23 31 64 1711
158 36 64 64 1712
159 35 81 64 1713
128 66 10 65 1714
128 31 21 65 1715
128 32 15 65 1716
129 68 58 65 1717
130 96 22 65 1718
134 20 89 65 1719
135 18 37 65 1720
138 116 93 65 1721
139 26 5 65 1722
139 106 30 65 1723
141 90 6 65 1724
141 52 34 65 1725
142 102 43 65 1726
143 5 7 65 1727
143 35 71 65 1728
144 84 53 65 1729
145 117 68 65 1730
146 44 10 65 1731
147 53 80 65 1732
150 114 54 65 1733
151 57 47 65 1734
154 116 62 65 1735
155 14 69 65 1736
156 92 20 65 1737
157 90 73 65 1738
158 31 6 65 1739
158 45 21 65 1740
158 72 78 65 1741
128 101 12 66 1742
128 79 38 66 1743
129 52 49 66 1744
130 76 70 66 1745
131 18 87 66 1746
133 101 56 66 1747
134 13 94 66 1748
137 43 16 66 1749
137 104 38 66 1750
138 5 64 66 1751
139 4 62 66 1752
140 53 8 66 1753
140 70 67 66 1754
141 87 7 66 1755
141 23 32 66 1756
142 56 49 66 1757
145 53 43 66 1758
146 9 1 66 1759
146 89 59 66 1760
147 8 59 66 1761
148 27 62 66 1762
149 65 25 66 1763
149 74 31 66 1764
149 31 26 66 1765
150 20 71 66 1766
151 102 26 66 1767
152 67 1 66 1768
152 107 3 66 1769
152 118 37 66 1770
153 11 67 66 1771
155 9 11 66 1772
156 107 8 66 1773
156 74 20 66 1774
156 90 86 66 1775
157 97 54 66 1776
158 79 3 66 1777
158 31 81 66 1778
128 72 69 67 1779
131 98 52 67 1780
135 69 58 67 1781
137 7 10 67 1782
137 75 91 67 1783
138 73 23 67 1784
138 125 8 67 1785
138 1 39 67 1786
139 106 83 67 1787
140 116 7 67 1788
140 4 80 67 1789
141 77 83 67 1790
142 102 1 67 1791
142 5 5 67 1792
142 125 31 67 1793
145 68 46 67 1794
146 25 84 67 1795
147 64 80 67 1796
149 63 35 67 1797
149 75 6 67 1798
149 109 71 67 1799
150 12 32 67 1800
151 27 49 67 1801
154 82 64 67 1802
155 80 66 67 1803
128 16 51 68 1804
129 66 54 68 1805
131 48 33 68 1806
131 104 69 68 1807
132 92 29 68 1808
133 123 89 68 1809
134 26 12 68 1810
134 30 39 68 1811
136 22 53 68 1812
138 4 74 68 1813
139 32 95 68 1814
142 3 97 68 1815
144 11 71 68 1816
145 72 41 68 1817
145 40 81 68 1818
147 114 7 68 1819
147 14 80 68 1820
150 82 39 68 1821
150 44 29 68 1822
151 80 45 68 1823
152 85 61 68 1824
154 5 72 68 1825
155 88 34 68 1826
156 87 47 68 1827
157 16 22 68 1828
157 121 42 68 1829
158 103 24 68 1830
158 2 66 68 1831
159 92 26 68 1832
129 109 35 69 1833
130 94 38 69 1834
131 45 66 69 1835
132 69 11 69 1836
134 73 88 69 1837
137 28 53 69 1838
138 6 92 69 1839
139 86 60 69 1840
140 92 1 69 1841
140 105 14 69 1842
141 97 34 69 1843
143 0 12 69 1844
143 123 76 69 1845
146 127 20 69 1846
146 92 63 69 1847
147 94 89 69 1848
148 62 24 69 1849
149 18 79 69 1850
150 122 49 69 1851
150 82 38 69 1852
151 109 16 69 1853
151 69 6 69 1854
151 87 81 69 1855
153 95 39 69 1856
155 18 38 69 1857
156 28 5 69 1858
156 27 90 69 1859
157 3 25 69 1860
158 39 10 69 1861
158 113 63 69 1862
159 101 80 69 1863
128 90 23 70 1864
128 32 40 70 1865
129 75 58 70 1866
132 0 44 70 1867
134 77 64 70 1868
135 124 8 70 1869
135 94 71 70 1870
136 38 32 70 1871
137 56 4 70 1872
137 3 66 70 1873
139 31 53 70 1874
140 35 44 70 1875
141 4 3 70 1876
141 76 78 70 1877
142 112 52 70 1878
145 26 26 70 1879
145 96 3 70 1880
145 63 3 70 1881
145 123 16 70 1882
145 65 71 70 1883
148 85 68 70 1884
149 34 20 70 1885
149 34 64 70 1886
150 89 49 70 1887
154 27 52 70 1888
155 85 26 70 1889
157 28 10 70 1890
157 48 79 70 1891
158 53 7 70 1892
158 10 84 70 1893
128 87 33 71 1894
129 34 77 71 1895
130 29 42 71 1896
131 84 90 71 1897
134 59 11 71 1898
134 113 1 71 1899
134 10 28 71 1900
138 39 21 71 1901
138 37 41 71 1902
139 113 6 71 1903
139 10 16 71 1904
140 98 37 71 1905
141 71 11 71 1906
142 109 57 71 1907
144 57 66 71 1908
145 80 24 71 1909
146 32 93 71 1910
147 84 55 71 1911
149 54 49 71 1912
150 0 48 71 1913
150 52 22 71 1914
151 44 50 71 1915
152 112 28 71 1916
153 110 28 71 1917
154 97 56 71 1918
155 114 49 71 1919
128 35 16 72 1920
128 43 81 72 1921
131 75 12 72 1922
131 43 67 72 1923
132 3 28 72 1924
133 84 5 72 1925
134 113 63 72 1926
136 63 70 72 1927
137 121 7 72 1928
137 123 45 72 1929
138 17 63 72 1930
139 115 69 72 1931
140 23 12 72 1932
140 118 17 72 1933
140 96 75 72 1934
141 43 37 72 1935
142 76 64 72 1936
145 64 93 72 1937
147 22 13 72 1938
147 81 95 72 1939
149 98 84 72 1940
150 111 31 72 1941
150 54 51 72 1942
152 27 55 72 1943
153 127 42 72 1944
154 65 44 72 1945
155 59 52 72 1946
156 57 28 72 1947
156 124 8 72 1948
156 96 16 72 1949
157 61 91 72 1950
158 114 12 72 1951
158 33 95 72 1952
129 80 62 73 1953
130 69 64 73 1954
131 54 47 73 1955
132 43 3 73 1956
132 86 20 73 1957
133 52 20 73 1958
134 22 34 73 1959
134 72 93 73 1960
137 0 29 73 1961
138 86 96 73 1962
139 50 25 73 1963
139 44 86 73 1964
141 11 30 73 1965
141 106 8 73 1966
141 41 88 73 1967
143 13 28 73 1968
145 114 25 73 1969
146 23 14 73 1970
146 98 33 73 1971
147 103 9 73 1972
149 123 91 73 1973
150 34 79 73 1974
151 44 20 73 1975
151 65 1 73 1976
151 14 36 73 1977
154 35 51 73 1978
155 68 86 73 1979
156 120 50 73 1980
158 71 88 73 1981
159 41 89 73 1982
128 124 59 74 1983
129 100 62 74 1984
131 100 24 74 1985
131 110 2 74 1986
131 28 2 74 1987
131 48 22 74 1988
132 87 34 74 1989
133 69 27 74 1990
135 49 46 74 1991
137 34 89 74 1992
138 21 86 74 1993
139 126 50 74 1994
140 6 34 74 1995
142 71 1 74 1996
142 90 39 74 1997
143 115 27 74 1998
144 79 19 74 1999
145 13 11 74 2000
145 60 48 74 2001
146 64 52 74 2002
147 78 67 74 2003
148 3 44 74 2004
150 27 30 74 2005
151 68 74 74 2006
153 68 41 74 2007
156 3 7 74 2008
156 107 68 74 2009
157 70 54 74 2010
128 33 8 75 2011
131 41 65 75 2012
133 97 44 75 2013
134 31 89 75 2014
136 74 25 75 2015
138 77 63 75 2016
139 116 42 75 2017
140 94 36 75 2018
142 20 83 75 2019
143 92 31 75 2020
144 52 44 75 2021
145 102 47 75 2022
145 50 53 75 2023
146 0 1 75 2024
146 96 78 75 2025
147 4 76 75 2026
149 79 25 75 2027
149 83 40 75 2028
150 45 89 75 2029
152 30 31 75 2030
154 89 34 75 2031
154 88 98 75 2032
155 119 68 75 2033
157 109 33 75 2034
158 104 37 75 2035
158 67 51 75 2036
128 17 48 76 2037
129 39 46 76 2038
130 82 54 76 2039
131 29 3 76 2040
131 105 54 76 2041
132 127 34 76 2042
134 45 23 76 2043
134 41 11 76 2044
134 28 37 76 2045
135 71 71 76 2046
136 4 46 76 2047
137 90 33 76 2048
138 24 64 76 2049
139 27 27 76 2050
139 17 79 76 2051
140 99 59 76 2052
141 11 9 76 2053
141 32 32 76 2054
141 65 61 76 2055
145 13 60 76 2056
147 61 22 76 2057
147 13 9 76 2058
147 71 94 76 2059
148 89 47 76 2060
149 84 11 76 2061
149 12 66 76 2062
150 114 23 76 2063
151 52 78 76 2064
152 20 32 76 2065
153 71 14 76 2066
155 39 69 76 2067
156 75 45 76 2068
157 96 95 76 2069
158 108 95 76 2070
128 91 73 77 2071
129 120 55 77 2072
131 43 28 77 2073
131 51 36 77 2074
133 59 80 77 2075
134 16 2 77 2076
134 99 5 77 2077
134 79 1 77 2078
134 95 29 77 2079
137 28 19 77 2080
137 104 78 77 2081
138 68 2 77 2082
138 5 36 77 2083
139 120 45 77 2084
140 125 62 77 2085
142 25 40 77 2086
143 74 56 77 2087
144 1 53 77 2088
145 73 54 77 2089
146 98 37 77 2090
149 36 31 77 2091
149 115 34 77 2092
150 38 80 77 2093
151 114 66 77 2094
153 100 71 77 2095
156 104 59 77 2096
159 8 40 77 2097
128 96 31 78 2098
129 69 60 78 2099
131 44 57 78 2100
131 8 40 78 2101
132 40 41 78 2102
134 17 37 78 2103
134 96 2 78 2104
134 83 75 78 2105
136 125 5 78 2106
138 13 55 78 2107
139 117 64 78 2108
140 106 69 78 2109
141 26 88 78 2110
142 60 85 78 2111
145 64 93 78 2112
146 112 13 78 2113
146 64 79 78 2114
147 95 5 78 2115
147 2 17 78 2116
147 69 87 78 2117
148 126 69 78 2118
149 9 60 78 2119
150 44 30 78 2120
150 80 43 78 2121
152 101 55 78 2122
154 17 78 78 2123
155 25 47 78 2124
156 89 36 78 2125
157 81 55 78 2126
158 118 75 78 2127
128 109 77 79 2128
129 107 31 79 2129
130 78 34 79 2130
131 68 5 79 2131
131 120 47 79 2132
134 62 61 79 2133
135 90 74 79 2134
136 65 25 79 2135
137 32 41 79 2136
138 45 23 79 2137
138 56 36 79 2138
139 3 75 79 2139
145 58 29 79 2140
147 75 57 79 2141
149 117 74 79 2142
150 126 14 79 2143
150 115 48 79 2144
151 4 27 79 2145
154 118 10 79 2146
155 73 97 79 2147
156 35 18 79 2148
156 127 70 79 2149
157 73 70 79 2150
158 119 91 79 2151
159 64 21 79 2152
129 103 51 80 2153
130 82 18 80 2154
131 35 63 80 2155
132 55 74 80 2156
134 14 90 80 2157
136 64 9 80 2158
136 95 73 80 2159
137 42 40 80 2160
138 107 13 80 2161
138 41 19 80 2162
138 83 79 80 2163
139 92 7 80 2164
139 19 86 80 2165
140 11 97 80 2166
141 16 90 80 2167
142 38 92 80 2168
143 44 48 80 2169
144 102 44 80 2170
145 112 83 80 2171
146 47 11 80 2172
146 119 57 80 2173
147 127 67 80 2174
149 118 12 80 2175
149 73 67 80 2176
150 86 6 80 2177
150 104 59 80 2178
151 90 82 80 2179
153 30 76 80 2180
154 61 60 80 2181
158 49 74 80 2182
159 55 95 80 2183
128 102 66 81 2184
129 101 53 81 2185
130 125 63 81 2186
131 86 93 81 2187
133 16 45 81 2188
137 9 47 81 2189
145 121 97 81 2190
147 85 1 81 2191
147 95 96 81 2192
148 69 77 81 2193
149 106 16 81 2194
149 94 37 81 2195
150 0 1 81 2196
150 70 64 81 2197
151 8 29 81 2198
152 123 18 81 2199
152 33 97 81 2200
154 41 61 81 2201
155 122 89 81 2202
156 88 41 81 2203
157 85 78 81 2204
158 83 67 81 2205
128 71 1 82 2206
131 125 34 82 2207
134 3 88 82 2208
137 125 13 82 2209
137 124 50 82 2210
138 102 60 82 2211
139 115 26 82 2212
139 63 75 82 2213
140 8 55 82 2214
141 119 35 82 2215
142 72 57 82 2216
143 35 80 82 2217
144 95 54 82 2218
146 64 91 82 2219
149 96 84 82 2220
150 69 90 82 2221
151 104 15 82 2222
151 30 61 82 2223
154 78 40 82 2224
156 35 32 82 2225
158 114 64 82 2226
128 35 75 83 2227
129 123 48 83 2228
131 114 9 83 2229
131 5 52 83 2230
132 88 42 83 2231
133 122 58 83 2232
134 111 32 83 2233
135 116 51 83 2234
137 95 98 83 2235
138 28 89 83 2236
139 7 29 83 2237
141 95 63 83 2238
142 94 40 83 2239
145 26 96 83 2240
147 117 18 83 2241
147 107 26 83 2242
149 62 21 83 2243
150 105 75 83 2244
154 52 32 83 2245
155 9 30 83 2246
156 0 6 83 2247
156 107 4 83 2248
156 33 94 83 2249
157 124 46 83 2250
158 79 93 83 2251
128 95 40 84 2252
129 84 65 84 2253
130 71 96 84 2254
131 27 2 84 2255
131 15 34 84 2256
131 75 10 84 2257
134 17 40 84 2258
134 110 71 84 2259
136 118 60 84 2260
138 60 95 84 2261
139 46 19 84 2262
139 24 57 84 2263
140 65 66 84 2264
141 32 10 84 2265
142 119 8 84 2266
142 50 33 84 2267
145 119 48 84 2268
146 56 83 84 2269
147 106 41 84 2270
147 3 66 84 2271
149 4 56 84 2272
149 84 35 84 2273
151 50 91 84 2274
153 55 60 84 2275
154 0 83 84 2276
155 4 64 84 2277
157 76 77 84 2278
128 69 35 85 2279
129 73 71 85 2280
131 28 64 85 2281
132 15 60 85 2282
134 27 38 85 2283
135 28 76 85 2284
138 9 82 85 2285
139 71 6 85 2286
139 4 85 85 2287
140 110 76 85 2288
141 107 93 85 2289
142 124 88 85 2290
144 45 50 85 2291
145 24 5 85 2292
145 112 2 85 2293
145 17 56 85 2294
147 87 95 85 2295
148 8 72 85 2296
149 65 11 85 2297
149 5 29 85 2298
150 53 76 85 2299
156 19 40 85 2300
158 23 85 85 2301
159 87 37 85 2302
128 115 43 86 2303
131 43 74 86 2304
133 3 33 86 2305
134 25 22 86 2306
134 32 62 86 2307
137 93 34 86 2308
137 16 16 86 2309
139 94 8 86 2310
143 89 6 86 2311
143 20 98 86 2312
145 48 60 86 2313
146 90 3 86 2314
146 122 15 86 2315
146 10 11 86 2316
149 47 44 86 2317
149 88 34 86 2318
150 22 55 86 2319
151 58 94 86 2320
152 30 97 86 2321
153 106 12 86 2322
154 10 38 86 2323
155 80 96 86 2324
156 38 84 86 2325
157 48 26 86 2326
157 73 32 86 2327
158 66 16 86 2328
158 41 94 86 2329
159 58 39 86 2330
128 51 32 87 2331
129 82 42 87 2332
131 102 2 87 2333
131 35 14 87 2334
131 4 17 87 2335
131 110 44 87 2336
133 34 35 87 2337
134 45 38 87 2338
136 16 22 87 2339
137 64 37 87 2340
138 19 70 87 2341
139 102 51 87 2342
139 7 79 87 2343
140 38 49 87 2344
141 38 62 87 2345
142 17 58 87 2346
144 42 94 87 2347
145 102 62 87 2348
146 94 67 87 2349
147 103 38 87 2350
147 29 93 87 2351
149 11 21 87 2352
149 73 96 87 2353
150 11 54 87 2354
150 35 66 87 2355
153 14 52 87 2356
154 98 61 87 2357
157 119 72 87 2358
128 16 66 88 2359
129 92 17 88 2360
129 67 92 88 2361
131 76 12 88 2362
131 104 24 88 2363
131 12 7 88 2364
132 121 42 88 2365
134 8 54 88 2366
136 6 24 88 2367
137 22 96 88 2368
138 54 81 88 2369
140 120 82 88 2370
141 41 75 88 2371
142 111 73 88 2372
145 65 40 88 2373
145 30 13 88 2374
146 118 74 88 2375
148 3 36 88 2376
150 25 3 88 2377
150 50 1 88 2378
151 117 72 88 2379
154 21 93 88 2380
155 10 73 88 2381
156 56 70 88 2382
158 19 64 88 2383
159 46 11 88 2384
128 40 4 89 2385
128 7 50 89 2386
130 65 14 89 2387
131 119 84 89 2388
133 68 70 89 2389
134 115 68 89 2390
135 75 70 89 2391
136 52 57 89 2392
138 107 70 89 2393
139 83 70 89 2394
145 74 8 89 2395
145 12 51 89 2396
145 47 89 89 2397
147 22 54 89 2398
149 85 62 89 2399
150 53 40 89 2400
150 89 99 89 2401
153 62 85 89 2402
157 74 43 89 2403
158 71 93 89 2404
159 4 28 89 2405
129 77 96 90 2406
130 122 80 90 2407
131 19 19 90 2408
131 55 78 90 2409
132 32 19 90 2410
134 87 85 90 2411
137 76 9 90 2412
137 64 83 90 2413
138 15 32 90 2414
139 63 91 90 2415
140 54 1 90 2416
140 60 87 90 2417
141 77 82 90 2418
142 100 79 90 2419
146 45 54 90 2420
147 4 22 90 2421
147 96 64 90 2422
148 83 90 90 2423
149 97 83 90 2424
151 72 13 90 2425
151 79 67 90 2426
155 114 67 90 2427
156 93 90 90 2428
157 30 96 90 2429
158 74 19 90 2430
159 64 6 90 2431
159 105 15 90 2432
128 84 66 91 2433
131 63 20 91 2434
132 64 82 91 2435
134 74 97 91 2436
138 5 7 91 2437
138 96 84 91 2438
139 105 72 91 2439
143 62 88 91 2440
144 115 32 91 2441
145 8 73 91 2442
146 107 25 91 2443
147 15 27 91 2444
147 86 57 91 2445
149 44 24 91 2446
149 57 73 91 2447
150 37 48 91 2448
150 51 82 91 2449
152 112 98 91 2450
154 0 92 91 2451
155 97 94 91 2452
158 54 38 91 2453
158 87 55 91 2454
159 19 37 91 2455
128 58 21 92 2456
131 56 84 92 2457
133 100 21 92 2458
135 20 26 92 2459
136 63 63 92 2460
137 10 38 92 2461
138 76 61 92 2462
139 10 75 92 2463
140 22 56 92 2464
141 107 77 92 2465
142 6 98 92 2466
145 81 72 92 2467
146 108 18 92 2468
146 38 77 92 2469
147 22 44 92 2470
149 68 97 92 2471
151 10 6 92 2472
151 87 9 92 2473
151 31 4 92 2474
151 82 81 92 2475
156 19 88 92 2476
157 13 35 92 2477
158 96 85 92 2478
128 107 29 93 2479
128 78 13 93 2480
129 25 8 93 2481
129 44 98 93 2482
130 114 59 93 2483
131 82 40 93 2484
133 53 14 93 2485
134 65 24 93 2486
134 96 20 93 2487
134 96 4 93 2488
134 93 43 93 2489
135 33 79 93 2490
137 35 43 93 2491
138 18 52 93 2492
139 109 45 93 2493
140 49 68 93 2494
144 3 65 93 2495
145 92 49 93 2496
147 41 55 93 2497
150 104 12 93 2498
150 14 39 93 2499
153 36 84 93 2500
154 123 57 93 2501
155 120 87 93 2502
157 63 70 93 2503
158 76 3 93 2504
158 118 98 93 2505
159 62 41 93 2506
128 56 74 94 2507
131 104 99 94 2508
133 44 3 94 2509
133 7 93 94 2510
134 34 79 94 2511
137 105 72 94 2512
138 85 46 94 2513
139 30 13 94 2514
139 1 64 94 2515
141 58 9 94 2516
141 106 62 94 2517
142 97 22 94 2518
145 87 60 94 2519
146 1 83 94 2520
147 56 24 94 2521
147 76 74 94 2522
148 78 39 94 2523
149 120 20 94 2524
149 16 43 94 2525
150 62 35 94 2526
150 124 38 94 2527
151 89 44 94 2528
154 73 13 94 2529
154 88 30 94 2530
156 12 87 94 2531
157 112 10 94 2532
128 73 98 95 2533
129 48 42 95 2534
131 77 62 95 2535
132 19 99 95 2536
134 46 38 95 2537
136 124 31 95 2538
138 43 73 95 2539
139 120 34 95 2540
140 112 48 95 2541
141 62 13 95 2542
142 74 90 95 2543
143 64 70 95 2544
145 102 99 95 2545
147 55 77 95 2546
149 6 41 95 2547
150 63 31 95 2548
150 69 82 95 2549
151 126 38 95 2550
152 82 59 95 2551
154 57 74 95 2552
155 77 79 95 2553
157 104 99 95 2554
158 39 3 95 2555
158 73 38 95 2556
159 44 78 95 2557
129 98 51 96 2558
130 2 83 96 2559
131 34 29 96 2560
134 91 84 96 2561
136 65 98 96 2562
137 25 25 96 2563
137 125 55 96 2564
138 63 31 96 2565
138 24 47 96 2566
139 66 79 96 2567
140 57 16 96 2568
140 102 92 96 2569
141 1 19 96 2570
141 35 11 96 2571
141 9 63 96 2572
144 16 42 96 2573
145 124 93 96 2574
146 123 1 96 2575
146 109 2 96 2576
146 16 16 96 2577
146 76 42 96 2578
148 116 77 96 2579
149 115 11 96 2580
149 43 25 96 2581
149 62 48 96 2582
150 25 75 96 2583
151 80 13 96 2584
151 96 94 96 2585
156 47 62 96 2586
158 35 32 96 2587
158 6 73 96 2588
129 67 98 97 2589
131 68 32 97 2590
131 111 83 97 2591
134 26 71 97 2592
135 51 25 97 2593
138 62 83 97 2594
139 22 13 97 2595
139 100 13 97 2596
139 53 7 97 2597
142 99 19 97 2598
142 9 81 97 2599
146 98 79 97 2600
147 116 40 97 2601
147 38 92 97 2602
149 122 88 97 2603
153 35 57 97 2604
154 9 92 97 2605
155 23 5 97 2606
155 57 43 97 2607
156 13 4 97 2608
156 114 54 97 2609
157 54 67 97 2610
158 63 95 97 2611
128 124 44 98 2612
131 18 13 98 2613
134 101 7 98 2614
134 18 51 98 2615
135 83 80 98 2616
137 20 83 98 2617
138 5 3 98 2618
138 47 57 98 2619
139 60 1 98 2620
139 105 27 98 2621
139 74 1 98 2622
139 123 18 98 2623
139 1 92 98 2624
140 122 20 98 2625
141 93 83 98 2626
143 90 44 98 2627
144 42 79 98 2628
145 102 19 98 2629
145 61 33 98 2630
149 118 55 98 2631
150 109 84 98 2632
151 96 96 98 2633
152 106 49 98 2634
155 48 33 98 2635
157 12 22 98 2636
128 115 21 99 2637
128 40 67 99 2638
129 39 4 99 2639
131 83 22 99 2640
131 57 78 99 2641
133 68 20 99 2642
133 32 4 99 2643
134 29 80 99 2644
137 14 83 99 2645
138 26 42 99 2646
140 65 5 99 2647
140 48 53 99 2648
142 125 45 99 2649
145 66 95 99 2650
146 5 88 99 2651
147 37 86 99 2652
149 110 29 99 2653
150 78 45 99 2654
154 11 61 99 2655
155 22 21 99 2656
156 64 80 99 2657
157 31 62 99 2658
158 78 19 99 2659
158 17 14 99 2660
158 45 47 99 2661
159 46 43 99 2662
129 117 72 100 2663
130 9 93 100 2664
131 119 8 100 2665
131 4 36 100 2666
132 83 29 100 2667
133 23 28 100 2668
134 56 27 100 2669
138 86 62 100 2670
139 56 19 100 2671
139 11 55 100 2672
140 30 94 100 2673
141 18 21 100 2674
141 39 20 100 2675
142 49 57 100 2676
143 101 62 100 2677
145 114 26 100 2678
147 22 11 100 2679
147 82 94 100 2680
148 72 13 100 2681
148 65 50 100 2682
149 65 11 100 2683
149 55 71 100 2684
150 28 2 100 2685
150 15 88 100 2686
152 125 25 100 2687
153 69 58 100 2688
154 127 72 100 2689
155 55 15 100 2690
155 101 89 100 2691
156 112 65 100 2692
157 115 47 100 2693
158 110 53 100 2694
128 14 26 101 2695
128 62 57 101 2696
129 76 14 101 2697
131 14 72 101 2698
132 22 13 101 2699
133 36 77 101 2700
134 103 40 101 2701
134 52 88 101 2702
136 73 84 101 2703
137 81 21 101 2704
138 123 50 101 2705
139 102 74 101 2706
141 38 15 101 2707
141 61 96 101 2708
142 31 76 101 2709
145 125 55 101 2710
145 14 51 101 2711
146 98 88 101 2712
149 91 91 101 2713
150 48 9 101 2714
150 56 79 101 2715
151 80 47 101 2716
157 38 63 101 2717
158 64 29 101 2718
158 71 49 101 2719
159 60 96 101 2720
129 24 51 102 2721
131 17 46 102 2722
132 100 81 102 2723
135 123 64 102 2724
137 43 66 102 2725
138 50 82 102 2726
139 50 47 102 2727
140 8 79 102 2728
144 11 70 102 2729
145 121 57 102 2730
147 19 50 102 2731
147 80 20 102 2732
149 30 67 102 2733
150 3 43 102 2734
151 95 15 102 2735
151 122 42 102 2736
152 76 1 102 2737
152 33 78 102 2738
154 51 12 102 2739
154 63 67 102 2740
155 100 12 102 2741
155 30 2 102 2742
155 0 94 102 2743
156 42 77 102 2744
158 88 82 102 2745
128 37 54 103 2746
129 1 71 103 2747
131 115 36 103 2748
131 125 20 103 2749
134 47 17 103 2750
134 56 95 103 2751
137 94 70 103 2752
138 75 75 103 2753
139 115 80 103 2754
141 116 63 103 2755
142 72 64 103 2756
143 121 88 103 2757
145 110 52 103 2758
146 103 66 103 2759
147 25 7 103 2760
147 48 17 103 2761
147 96 11 103 2762
147 82 83 103 2763
148 122 45 103 2764
149 24 92 103 2765
150 50 65 103 2766
151 90 70 103 2767
153 91 96 103 2768
157 32 99 103 2769
158 3 56 103 2770
128 104 49 104 2771
129 108 48 104 2772
131 70 7 104 2773
131 70 31 104 2774
131 103 60 104 2775
138 57 30 104 2776
138 56 32 104 2777
139 75 76 104 2778
140 81 99 104 2779
145 46 22 104 2780
145 61 98 104 2781
150 18 10 104 2782
150 46 66 104 2783
154 53 4 104 2784
154 123 31 104 2785
156 81 75 104 2786
158 61 27 104 2787
128 71 61 105 2788
130 82 91 105 2789
131 76 55 105 2790
132 34 50 105 2791
133 110 39 105 2792
134 33 11 105 2793
134 52 90 105 2794
135 34 22 105 2795
136 0 37 105 2796
137 1 41 105 2797
138 21 28 105 2798
138 91 31 105 2799
139 88 12 105 2800
139 8 47 105 2801
141 45 87 105 2802
142 112 21 105 2803
142 106 5 105 2804
142 56 74 105 2805
144 18 62 105 2806
146 79 88 105 2807
147 106 28 105 2808
147 55 95 105 2809
148 22 30 105 2810
149 78 54 105 2811
150 11 24 105 2812
151 4 88 105 2813
152 48 79 105 2814
154 93 27 105 2815
154 65 59 105 2816
155 90 1 105 2817
155 49 33 105 2818
155 18 62 105 2819
156 90 17 105 2820
157 6 71 105 2821
158 24 15 105 2822
158 59 49 105 2823
159 78 96 105 2824
128 44 26 106 2825
129 93 67 106 2826
131 75 80 106 2827
134 49 59 106 2828
135 91 79 106 2829
136 41 98 106 2830
137 92 95 106 2831
138 20 70 106 2832
139 58 77 106 2833
145 68 77 106 2834
147 40 19 106 2835
148 39 44 106 2836
149 6 24 106 2837
149 74 97 106 2838
150 14 84 106 2839
156 47 86 106 2840
158 81 28 106 2841
158 62 13 106 2842
158 40 22 106 2843
128 73 53 107 2844
129 102 67 107 2845
131 22 41 107 2846
133 19 85 107 2847
134 77 7 107 2848
134 47 61 107 2849
138 17 7 107 2850
138 90 6 107 2851
138 6 34 107 2852
139 69 91 107 2853
140 16 30 107 2854
140 86 57 107 2855
141 111 84 107 2856
142 99 48 107 2857
143 14 27 107 2858
145 39 53 107 2859
146 2 81 107 2860
147 19 95 107 2861
150 50 97 107 2862
151 37 20 107 2863
151 60 19 107 2864
154 66 98 107 2865
155 2 36 107 2866
157 75 43 107 2867
158 2 14 107 2868
158 9 2 107 2869
158 126 12 107 2870
158 90 63 107 2871
128 14 67 108 2872
131 71 65 108 2873
132 95 61 108 2874
134 127 95 108 2875
137 62 70 108 2876
138 58 8 108 2877
138 51 44 108 2878
142 47 54 108 2879
144 25 32 108 2880
145 104 5 108 2881
145 38 23 108 2882
145 21 92 108 2883
147 120 35 108 2884
148 57 79 108 2885
149 116 51 108 2886
149 55 43 108 2887
150 69 92 108 2888
151 28 24 108 2889
151 86 4 108 2890
151 34 97 108 2891
153 53 31 108 2892
155 77 83 108 2893
156 94 51 108 2894
157 33 60 108 2895
158 63 41 108 2896
129 47 16 109 2897
129 24 24 109 2898
130 71 5 109 2899
130 55 26 109 2900
131 107 70 109 2901
138 16 11 109 2902
138 14 53 109 2903
139 2 12 109 2904
139 6 61 109 2905
140 24 17 109 2906
140 72 86 109 2907
141 45 49 109 2908
142 2 76 109 2909
143 69 60 109 2910
146 23 86 109 2911
147 60 17 109 2912
147 75 67 109 2913
149 7 9 109 2914
149 62 70 109 2915
152 57 30 109 2916
153 88 5 109 2917
153 100 27 109 2918
154 23 92 109 2919
156 115 98 109 2920
157 38 24 109 2921
158 74 20 109 2922
158 6 68 109 2923
128 121 34 110 2924
129 71 63 110 2925
130 46 27 110 2926
131 117 53 110 2927
134 39 4 110 2928
134 45 93 110 2929
135 35 48 110 2930
137 45 33 110 2931
138 118 24 110 2932
138 20 10 110 2933
138 2 66 110 2934
139 3 81 110 2935
141 81 33 110 2936
144 24 11 110 2937
144 91 92 110 2938
145 27 96 110 2939
147 43 77 110 2940
149 21 14 110 2941
149 74 30 110 2942
150 114 19 110 2943
150 37 41 110 2944
155 7 47 110 2945
157 36 30 110 2946
157 104 41 110 2947
158 36 66 110 2948
159 112 67 110 2949
128 78 42 111 2950
129 53 34 111 2951
131 81 2 111 2952
131 98 74 111 2953
132 23 70 111 2954
133 79 75 111 2955
134 47 8 111 2956
134 39 42 111 2957
136 84 97 111 2958
137 20 72 111 2959
138 61 42 111 2960
139 79 59 111 2961
140 53 33 111 2962
141 10 2 111 2963
141 116 2 111 2964
141 44 94 111 2965
142 47 13 111 2966
145 110 16 111 2967
145 104 32 111 2968
146 33 49 111 2969
147 86 80 111 2970
149 19 63 111 2971
150 110 30 111 2972
150 96 92 111 2973
151 48 72 111 2974
152 0 56 111 2975
153 63 14 111 2976
153 48 42 111 2977
154 113 63 111 2978
155 81 54 111 2979
156 102 29 111 2980
157 123 79 111 2981
158 25 41 111 2982
128 95 50 112 2983
129 61 96 112 2984
130 23 83 112 2985
131 93 37 112 2986
134 16 46 112 2987
135 2 40 112 2988
137 3 62 112 2989
138 21 62 112 2990
139 32 4 112 2991
139 22 70 112 2992
140 4 74 112 2993
142 102 4 112 2994
142 3 89 112 2995
143 42 26 112 2996
145 120 14 112 2997
145 126 73 112 2998
146 32 70 112 2999
148 106 62 112 3000
149 62 47 112 3001
151 25 7 112 3002
151 71 21 112 3003
154 29 79 112 3004
155 97 54 112 3005
156 50 83 112 3006
158 102 80 112 3007
128 36 42 113 3008
131 18 2 113 3009
131 6 20 113 3010
131 120 53 113 3011
134 118 24 113 3012
134 49 31 113 3013
138 79 85 113 3014
139 74 33 113 3015
140 51 71 113 3016
141 40 31 113 3017
143 70 96 113 3018
145 31 82 113 3019
146 16 52 113 3020
147 82 69 113 3021
149 26 15 113 3022
149 17 92 113 3023
150 85 48 113 3024
150 18 47 113 3025
151 68 4 113 3026
151 77 23 113 3027
152 103 62 113 3028
153 75 42 113 3029
155 119 63 113 3030
157 0 77 113 3031
158 112 14 113 3032
158 73 60 113 3033
159 30 72 113 3034
128 77 58 114 3035
129 51 57 114 3036
131 96 95 114 3037
132 85 11 114 3038
133 66 12 114 3039
134 43 41 114 3040
134 38 7 114 3041
134 22 5 114 3042
134 106 9 114 3043
134 84 82 114 3044
135 35 26 114 3045
137 96 34 114 3046
137 89 41 114 3047
138 84 67 114 3048
139 11 22 114 3049
139 105 79 114 3050
141 55 76 114 3051
142 57 4 114 3052
142 32 99 114 3053
144 61 70 114 3054
147 11 70 114 3055
149 19 35 114 3056
150 96 93 114 3057
151 30 1 114 3058
151 57 43 114 3059
154 30 73 114 3060
156 49 64 114 3061
158 16 31 114 3062
128 69 27 115 3063
129 84 78 115 3064
131 108 55 115 3065
132 65 7 115 3066
132 1 89 115 3067
133 94 32 115 3068
135 57 66 115 3069
137 6 60 115 3070
138 46 87 115 3071
139 37 33 115 3072
140 62 97 115 3073
141 52 38 115 3074
145 16 24 115 3075
145 93 72 115 3076
146 39 78 115 3077
147 127 76 115 3078
148 13 70 115 3079
149 86 97 115 3080
151 26 46 115 3081
153 48 89 115 3082
155 27 10 115 3083
155 11 82 115 3084
156 36 84 115 3085
157 35 21 115 3086
158 83 42 115 3087
158 77 12 115 3088
158 114 88 115 3089
128 123 98 116 3090
130 52 71 116 3091
131 92 53 116 3092
133 27 26 116 3093
134 60 94 116 3094
136 19 9 116 3095
136 34 36 116 3096
138 69 14 116 3097
139 80 31 116 3098
139 35 4 116 3099
139 105 73 116 3100
141 96 41 116 3101
142 2 17 116 3102
142 118 4 116 3103
145 6 23 116 3104
145 38 50 116 3105
146 29 94 116 3106
147 86 96 116 3107
149 111 20 116 3108
150 56 49 116 3109
150 69 82 116 3110
151 121 29 116 3111
151 45 98 116 3112
152 117 84 116 3113
154 114 46 116 3114
157 64 52 116 3115
159 43 64 116 3116
129 55 74 117 3117
131 58 56 117 3118
133 34 51 117 3119
134 61 12 117 3120
134 126 11 117 3121
137 69 27 117 3122
137 56 48 117 3123
138 38 86 117 3124
140 85 9 117 3125
141 15 82 117 3126
142 59 85 117 3127
143 89 84 117 3128
145 121 63 117 3129
147 50 26 117 3130
149 15 99 117 3131
154 124 34 117 3132
155 112 19 117 3133
155 70 31 117 3134
156 4 11 117 3135
157 24 1 117 3136
157 122 49 117 3137
158 64 67 117 3138
128 123 13 118 3139
128 67 21 118 3140
131 9 32 118 3141
131 70 11 118 3142
131 102 46 118 3143
134 92 96 118 3144
136 40 53 118 3145
138 74 43 118 3146
139 73 61 118 3147
139 107 9 118 3148
140 4 28 118 3149
140 97 9 118 3150
140 10 10 118 3151
144 104 4 118 3152
144 29 56 118 3153
145 118 45 118 3154
147 24 46 118 3155
149 88 89 118 3156
150 101 39 118 3157
150 41 51 118 3158
154 88 23 118 3159
154 7 30 118 3160
155 44 64 118 3161
156 61 45 118 3162
157 89 55 118 3163
158 75 16 118 3164
158 57 95 118 3165
128 123 75 119 3166
129 71 4 119 3167
129 3 95 119 3168
130 14 56 119 3169
131 54 46 119 3170
132 21 71 119 3171
134 59 27 119 3172
135 117 59 119 3173
137 84 6 119 3174
137 39 66 119 3175
138 49 77 119 3176
139 75 14 119 3177
139 59 4 119 3178
139 111 34 119 3179
139 37 85 119 3180
140 118 75 119 3181
141 65 29 119 3182
142 10 23 119 3183
142 11 58 119 3184
145 115 28 119 3185
145 91 25 119 3186
146 68 43 119 3187
147 108 73 119 3188
148 109 96 119 3189
150 81 49 119 3190
151 29 85 119 3191
153 51 24 119 3192
154 76 73 119 3193
155 72 81 119 3194
156 124 68 119 3195
157 30 96 119 3196
159 53 33 119 3197
128 105 57 120 3198
131 119 17 120 3199
131 6 37 120 3200
133 50 41 120 3201
134 42 86 120 3202
136 85 8 120 3203
137 65 75 120 3204
138 62 83 120 3205
140 65 2 120 3206
140 120 39 120 3207
141 25 87 120 3208
142 61 41 120 3209
145 106 91 120 3210
146 17 15 120 3211
146 76 78 120 3212
147 23 95 120 3213
149 124 41 120 3214
149 28 91 120 3215
150 18 42 120 3216
152 5 96 120 3217
156 84 50 120 3218
158 5 54 120 3219
158 40 5 120 3220
129 96 53 121 3221
131 87 10 121 3222
131 93 68 121 3223
134 109 49 121 3224
135 48 13 121 3225
136 60 31 121 3226
138 97 23 121 3227
139 37 69 121 3228
140 60 25 121 3229
142 86 54 121 3230
143 73 32 121 3231
144 10 67 121 3232
145 30 84 121 3233
147 90 42 121 3234
150 56 47 121 3235
150 6 79 121 3236
151 115 23 121 3237
151 41 14 121 3238
151 5 44 121 3239
153 37 86 121 3240
154 42 35 121 3241
155 5 72 121 3242
156 100 59 121 3243
157 84 2 121 3244
157 87 73 121 3245
158 54 56 121 3246
158 61 49 121 3247
159 50 62 121 3248
128 107 93 122 3249
129 97 24 122 3250
130 119 19 122 3251
131 63 23 122 3252
131 19 84 122 3253
132 19 27 122 3254
133 106 48 122 3255
134 100 46 122 3256
134 17 4 122 3257
134 126 53 122 3258
135 75 27 122 3259
136 35 38 122 3260
137 113 49 122 3261
138 73 91 122 3262
139 47 46 122 3263
140 77 44 122 3264
141 1 23 122 3265
141 117 79 122 3266
145 19 31 122 3267
146 110 71 122 3268
147 123 8 122 3269
147 42 85 122 3270
149 28 68 122 3271
151 36 36 122 3272
154 88 11 122 3273
154 89 80 122 3274
158 29 76 122 3275
129 2 33 123 3276
130 98 31 123 3277
134 67 42 123 3278
135 75 16 123 3279
137 102 61 123 3280
138 74 73 123 3281
139 4 58 123 3282
139 57 46 123 3283
140 122 62 123 3284
142 45 76 123 3285
143 39 83 123 3286
145 94 48 123 3287
146 99 24 123 3288
147 113 58 123 3289
148 65 72 123 3290
149 76 69 123 3291
150 90 1 123 3292
150 121 85 123 3293
151 70 27 123 3294
155 37 55 123 3295
156 51 69 123 3296
157 30 94 123 3297
158 98 86 123 3298
128 69 70 124 3299
129 120 48 124 3300
130 1 33 124 3301
131 97 41 124 3302
131 44 35 124 3303
132 114 80 124 3304
133 113 73 124 3305
134 87 68 124 3306
135 111 62 124 3307
136 10 9 124 3308
136 60 38 124 3309
138 18 7 124 3310
138 52 73 124 3311
139 1 85 124 3312
140 60 15 124 3313
141 95 80 124 3314
142 104 51 124 3315
144 98 65 124 3316
145 126 83 124 3317
146 20 44 124 3318
147 10 32 124 3319
149 53 23 124 3320
149 24 28 124 3321
150 72 21 124 3322
150 96 95 124 3323
151 7 28 124 3324
154 60 63 124 3325
155 55 52 124 3326
156 112 7 124 3327
159 30 61 124 3328
129 15 6 125 3329
129 62 2 125 3330
129 84 44 125 3331
131 117 86 125 3332
134 99 13 125 3333
134 61 6 125 3334
134 113 12 125 3335
134 75 17 125 3336
137 16 39 125 3337
137 28 47 125 3338
138 65 43 125 3339
140 37 49 125 3340
145 68 70 125 3341
146 44 52 125 3342
147 125 2 125 3343
147 2 19 125 3344
147 108 35 125 3345
149 67 9 125 3346
149 72 74 125 3347
151 79 32 125 3348
151 118 45 125 3349
152 9 5 125 3350
152 9 82 125 3351
153 93 5 125 3352
153 72 92 125 3353
154 91 66 125 3354
155 59 78 125 3355
156 80 97 125 3356
157 36 7 125 3357
158 27 19 125 3358
158 111 52 125 3359
128 1 46 126 3360
129 22 17 126 3361
130 119 91 126 3362
131 31 8 126 3363
131 106 73 126 3364
134 105 41 126 3365
134 71 91 126 3366
136 19 68 126 3367
138 116 37 126 3368
139 106 24 126 3369
139 122 21 126 3370
139 105 10 126 3371
139 66 47 126 3372
140 44 58 126 3373
141 76 22 126 3374
141 116 54 126 3375
142 113 7 126 3376
142 56 99 126 3377
145 8 35 126 3378
146 23 10 126 3379
146 78 60 126 3380
147 66 31 126 3381
147 113 24 126 3382
147 69 65 126 3383
149 117 56 126 3384
150 11 33 126 3385
150 117 26 126 3386
151 27 36 126 3387
157 34 22 126 3388
157 3 44 126 3389
158 94 29 126 3390
158 17 64 126 3391
128 127 32 127 3392
128 38 80 127 3393
129 10 42 127 3394
129 100 74 127 3395
131 74 31 127 3396
135 87 10 127 3397
135 125 94 127 3398
137 120 45 127 3399
138 26 35 127 3400
138 44 48 127 3401
139 123 26 127 3402
140 71 88 127 3403
143 3 94 127 3404
144 121 41 127 3405
145 92 59 127 3406
147 80 57 127 3407
148 76 33 127 3408
149 61 92 127 3409
150 0 4 127 3410
150 64 66 127 3411
151 68 76 127 3412
154 85 85 127 3413
155 104 89 127 3414
156 120 40 127 3415
157 113 11 127 3416
157 80 82 127 3417
158 73 31 127 3418
159 110 14 127 3419
131 7 16 128 3420
131 52 50 128 3421
132 96 87 128 3422
133 127 29 128 3423
134 61 59 128 3424
137 2 28 128 3425
137 122 37 128 3426
138 45 71 128 3427
139 38 46 128 3428
139 13 58 128 3429
141 63 5 128 3430
141 105 59 128 3431
142 84 39 128 3432
145 95 8 128 3433
145 125 92 128 3434
146 37 2 128 3435
146 56 9 128 3436
146 50 19 128 3437
146 114 63 128 3438
147 32 22 128 3439
148 116 91 128 3440
149 97 13 128 3441
149 94 99 128 3442
150 23 81 128 3443
156 27 32 128 3444
156 30 27 128 3445
158 92 79 128 3446
159 104 10 128 3447
159 28 41 128 3448
128 60 67 129 3449
129 30 71 129 3450
131 3 40 129 3451
133 75 7 129 3452
133 93 36 129 3453
134 56 25 129 3454
134 100 87 129 3455
137 103 68 129 3456
138 9 41 129 3457
139 86 3 129 3458
139 31 61 129 3459
140 53 50 129 3460
141 119 18 129 3461
142 19 18 129 3462
142 62 13 129 3463
144 100 10 129 3464
144 83 66 129 3465
145 58 84 129 3466
147 91 41 129 3467
147 66 35 129 3468
150 75 50 129 3469
151 4 78 129 3470
152 88 56 129 3471
153 116 50 129 3472
154 111 2 129 3473
154 121 15 129 3474
154 13 91 129 3475
155 80 69 129 3476
156 93 27 129 3477
157 56 86 129 3478
158 87 84 129 3479
130 18 57 130 3480
131 74 36 130 3481
131 50 22 130 3482
131 117 73 130 3483
134 95 69 130 3484
136 93 46 130 3485
138 10 40 130 3486
138 85 67 130 3487
139 126 87 130 3488
140 120 10 130 3489
141 14 93 130 3490
142 6 60 130 3491
145 127 73 130 3492
146 117 93 130 3493
147 106 44 130 3494
149 50 23 130 3495
149 68 79 130 3496
150 92 19 130 3497
150 26 65 130 3498
156 100 34 130 3499
156 14 87 130 3500
158 107 7 130 3501
158 108 74 130 3502
159 110 71 130 3503
128 38 1 131 3504
128 2 63 131 3505
129 53 56 131 3506
133 32 25 131 3507
137 95 25 131 3508
137 110 57 131 3509
138 15 61 131 3510
139 104 57 131 3511
140 52 82 131 3512
142 81 92 131 3513
143 42 76 131 3514
147 44 80 131 3515
150 4 52 131 3516
151 83 68 131 3517
154 88 45 131 3518
155 18 28 131 3519
157 19 86 131 3520
128 76 93 132 3521
129 35 33 132 3522
131 72 47 132 3523
131 127 65 132 3524
132 19 51 132 3525
133 34 56 132 3526
134 60 71 132 3527
135 56 55 132 3528
136 98 15 132 3529
136 117 25 132 3530
138 107 36 132 3531
139 2 83 132 3532
141 76 30 132 3533
141 58 62 132 3534
145 6 14 132 3535
145 49 69 132 3536
146 32 60 132 3537
147 117 95 132 3538
148 53 33 132 3539
149 47 78 132 3540
150 36 60 132 3541
151 100 73 132 3542
152 28 96 132 3543
153 102 24 132 3544
154 22 39 132 3545
155 59 89 132 3546
158 8 20 132 3547
158 43 50 132 3548
129 46 43 133 3549
130 70 49 133 3550
131 87 19 133 3551
134 7 48 133 3552
134 118 43 133 3553
137 111 27 133 3554
137 102 53 133 3555
138 94 29 133 3556
138 28 97 133 3557
140 82 97 133 3558
142 73 55 133 3559
144 18 77 133 3560
145 82 43 133 3561
147 99 81 133 3562
149 74 75 133 3563
150 50 43 133 3564
150 115 58 133 3565
153 51 63 133 3566
154 91 95 133 3567
156 6 73 133 3568
157 25 65 133 3569
158 81 21 133 3570
158 97 30 133 3571
158 22 17 133 3572
159 109 47 133 3573
128 14 80 134 3574
129 28 61 134 3575
131 0 25 134 3576
131 97 41 134 3577
132 77 72 134 3578
134 69 85 134 3579
136 125 74 134 3580
137 8 21 134 3581
139 125 65 134 3582
141 41 37 134 3583
142 112 97 134 3584
145 111 43 134 3585
145 66 91 134 3586
146 122 19 134 3587
146 111 35 134 3588
148 96 69 134 3589
149 115 38 134 3590
150 22 57 134 3591
151 76 31 134 3592
155 118 76 134 3593
156 14 36 134 3594
158 74 78 134 3595
129 67 91 135 3596
130 12 80 135 3597
131 50 13 135 3598
131 109 44 135 3599
133 119 10 135 3600
133 120 65 135 3601
134 2 24 135 3602
135 24 75 135 3603
137 96 12 135 3604
137 11 31 135 3605
138 17 62 135 3606
139 2 70 135 3607
140 80 5 135 3608
140 51 71 135 3609
141 48 17 135 3610
141 64 82 135 3611
143 125 51 135 3612
146 30 37 135 3613
147 105 28 135 3614
147 26 92 135 3615
149 63 50 135 3616
149 99 27 135 3617
150 124 13 135 3618
150 21 99 135 3619
151 62 66 135 3620
154 11 5 135 3621
154 91 1 135 3622
155 85 49 135 3623
156 90 74 135 3624
157 82 87 135 3625
158 57 54 135 3626
128 8 80 136 3627
131 8 80 136 3628
134 80 76 136 3629
137 45 30 136 3630
138 85 50 136 3631
139 127 89 136 3632
144 112 84 136 3633
145 73 85 136 3634
146 32 13 136 3635
146 31 2 136 3636
146 19 44 136 3637
147 70 71 136 3638
149 50 4 136 3639
149 70 6 136 3640
149 58 51 136 3641
151 71 15 136 3642
152 122 53 136 3643
153 101 13 136 3644
153 65 33 136 3645
154 71 3 136 3646
154 77 18 136 3647
154 76 93 136 3648
158 109 16 136 3649
158 99 43 136 3650
159 58 66 136 3651
129 71 93 137 3652
131 11 63 137 3653
134 81 10 137 3654
134 24 32 137 3655
136 50 30 137 3656
137 64 13 137 3657
137 44 98 137 3658
138 19 15 137 3659
138 0 71 137 3660
139 47 29 137 3661
140 103 32 137 3662
140 40 55 137 3663
141 99 16 137 3664
141 116 53 137 3665
142 111 39 137 3666
143 59 77 137 3667
145 23 53 137 3668
146 95 84 137 3669
148 29 41 137 3670
149 106 63 137 3671
150 116 66 137 3672
151 49 61 137 3673
155 11 32 137 3674
155 75 9 137 3675
155 83 9 137 3676
156 122 77 137 3677
157 78 46 137 3678
158 95 79 137 3679
128 76 72 138 3680
131 76 67 138 3681
132 6 70 138 3682
133 105 99 138 3683
134 44 92 138 3684
135 123 90 138 3685
138 54 6 138 3686
138 126 84 138 3687
139 103 42 138 3688
139 94 34 138 3689
142 94 41 138 3690
145 66 21 138 3691
145 22 98 138 3692
147 124 15 138 3693
147 87 85 138 3694
149 89 19 138 3695
149 104 4 138 3696
149 57 10 138 3697
149 7 82 138 3698
150 35 86 138 3699
151 83 36 138 3700
153 67 79 138 3701
154 73 3 138 3702
154 103 20 138 3703
155 14 83 138 3704
157 26 72 138 3705
158 19 29 138 3706
158 25 91 138 3707
130 15 28 139 3708
131 58 80 139 3709
134 99 80 139 3710
136 31 7 139 3711
136 5 34 139 3712
137 119 40 139 3713
138 21 68 139 3714
139 41 42 139 3715
139 101 19 139 3716
140 62 1 139 3717
140 15 4 139 3718
140 106 56 139 3719
141 20 45 139 3720
142 30 36 139 3721
142 60 11 139 3722
146 83 22 139 3723
146 78 7 139 3724
147 22 14 139 3725
147 59 45 139 3726
148 35 30 139 3727
150 121 53 139 3728
151 84 59 139 3729
152 51 7 139 3730
152 125 41 139 3731
154 116 29 139 3732
154 72 32 139 3733
156 70 93 139 3734
159 37 27 139 3735
128 46 82 140 3736
129 42 92 140 3737
130 27 65 140 3738
131 30 47 140 3739
134 77 1 140 3740
134 72 8 140 3741
134 65 94 140 3742
137 107 77 140 3743
138 20 63 140 3744
139 118 22 140 3745
139 113 7 140 3746
139 52 34 140 3747
140 53 96 140 3748
141 17 17 140 3749
141 94 13 140 3750
141 49 98 140 3751
142 5 19 140 3752
142 118 10 140 3753
142 31 81 140 3754
144 112 28 140 3755
145 96 4 140 3756
145 121 3 140 3757
145 92 64 140 3758
146 126 36 140 3759
146 64 5 140 3760
147 1 5 140 3761
147 0 1 140 3762
147 97 81 140 3763
149 122 83 140 3764
150 27 59 140 3765
151 1 81 140 3766
154 77 8 140 3767
154 14 72 140 3768
155 108 30 140 3769
155 100 70 140 3770
157 99 74 140 3771
158 111 14 140 3772
158 25 57 140 3773
159 78 83 140 3774
131 97 49 141 3775
132 120 95 141 3776
136 81 45 141 3777
138 119 19 141 3778
139 127 97 141 3779
143 3 55 141 3780
145 33 88 141 3781
146 69 64 141 3782
147 79 50 141 3783
148 50 37 141 3784
149 90 20 141 3785
149 99 86 141 3786
150 103 53 141 3787
152 103 81 141 3788
156 104 57 141 3789
157 99 35 141 3790
158 119 61 141 3791
128 78 98 142 3792
129 0 12 142 3793
129 6 49 142 3794
131 125 94 142 3795
134 63 73 142 3796
135 67 20 142 3797
137 123 26 142 3798
138 16 19 142 3799
138 86 11 142 3800
138 57 24 142 3801
138 20 91 142 3802
139 52 12 142 3803
139 43 41 142 3804
140 30 33 142 3805
142 24 45 142 3806
144 111 28 142 3807
145 9 93 142 3808
146 111 64 142 3809
147 95 52 142 3810
148 93 62 142 3811
149 38 70 142 3812
150 35 91 142 3813
151 91 12 142 3814
151 38 9 142 3815
153 42 36 142 3816
154 42 12 142 3817
154 124 42 142 3818
155 80 54 142 3819
156 6 7 142 3820
156 110 20 142 3821
157 118 12 142 3822
157 61 23 142 3823
158 38 9 142 3824
158 120 54 142 3825
129 112 71 143 3826
130 5 68 143 3827
131 125 95 143 3828
133 33 92 143 3829
134 55 53 143 3830
135 111 65 143 3831
136 13 2 143 3832
136 95 61 143 3833
137 86 19 143 3834
137 81 42 143 3835
139 2 13 143 3836
139 90 10 143 3837
139 7 57 143 3838
140 25 17 143 3839
140 121 84 143 3840
141 41 50 143 3841
142 6 21 143 3842
144 104 40 143 3843
147 95 56 143 3844
150 14 50 143 3845
151 24 40 143 3846
153 8 15 143 3847
154 127 31 143 3848
155 91 16 143 3849
156 86 7 143 3850
156 84 64 143 3851
157 63 42 143 3852
158 88 77 143 3853
128 48 37 144 3854
134 43 75 144 3855
137 40 92 144 3856
138 57 97 144 3857
139 89 32 144 3858
141 33 78 144 3859
142 13 49 144 3860
143 105 5 144 3861
143 61 75 144 3862
145 112 89 144 3863
146 42 52 144 3864
147 24 53 144 3865
149 66 64 144 3866
150 2 52 144 3867
151 117 10 144 3868
151 24 41 144 3869
153 67 75 144 3870
154 104 8 144 3871
154 55 1 144 3872
154 55 36 144 3873
155 87 99 144 3874
156 24 82 144 3875
157 124 83 144 3876
158 117 25 144 3877
158 42 34 144 3878
159 125 18 144 3879
128 108 76 145 3880
129 93 97 145 3881
131 115 94 145 3882
132 110 79 145 3883
134 11 10 145 3884
134 65 13 145 3885
134 76 1 145 3886
134 98 8 145 3887
138 70 10 145 3888
139 58 60 145 3889
140 40 41 145 3890
142 53 75 145 3891
144 70 19 145 3892
145 57 15 145 3893
145 37 18 145 3894
145 113 40 145 3895
146 3 79 145 3896
147 59 25 145 3897
147 66 7 145 3898
147 106 59 145 3899
148 107 48 145 3900
149 41 23 145 3901
149 39 31 145 3902
149 119 47 145 3903
150 36 98 145 3904
151 69 53 145 3905
152 10 27 145 3906
154 88 55 145 3907
158 65 70 145 3908
159 101 91 145 3909
130 62 80 146 3910
131 99 73 146 3911
134 76 2 146 3912
134 13 69 146 3913
135 69 21 146 3914
136 77 68 146 3915
137 66 92 146 3916
138 90 34 146 3917
138 89 25 146 3918
138 108 68 146 3919
139 121 38 146 3920
139 72 10 146 3921
140 112 32 146 3922
141 9 93 146 3923
144 95 10 146 3924
144 15 58 146 3925
145 114 15 146 3926
145 88 1 146 3927
145 127 46 146 3928
147 110 12 146 3929
147 97 29 146 3930
149 95 91 146 3931
151 31 63 146 3932
152 112 33 146 3933
154 60 66 146 3934
155 109 73 146 3935
156 122 38 146 3936
157 14 6 146 3937
157 63 76 146 3938
158 8 67 146 3939
128 105 68 147 3940
129 82 62 147 3941
131 17 15 147 3942
131 83 7 147 3943
134 111 24 147 3944
134 54 90 147 3945
135 47 70 147 3946
139 36 82 147 3947
140 18 96 147 3948
142 0 35 147 3949
142 23 82 147 3950
143 27 33 147 3951
145 94 64 147 3952
146 45 70 147 3953
147 89 73 147 3954
150 98 85 147 3955
151 0 47 147 3956
156 17 48 147 3957
158 124 21 147 3958
158 26 52 147 3959
128 90 37 148 3960
131 0 2 148 3961
131 101 61 148 3962
133 18 42 148 3963
134 18 97 148 3964
137 70 1 148 3965
137 52 42 148 3966
138 58 20 148 3967
138 58 94 148 3968
139 126 26 148 3969
139 117 71 148 3970
141 11 98 148 3971
145 113 16 148 3972
145 110 16 148 3973
146 63 51 148 3974
147 28 91 148 3975
148 44 15 148 3976
148 28 18 148 3977
149 32 93 148 3978
150 120 60 148 3979
152 112 99 148 3980
153 71 45 148 3981
154 4 2 148 3982
154 78 51 148 3983
155 123 63 148 3984
156 114 1 148 3985
156 125 16 148 3986
157 71 48 148 3987
158 51 61 148 3988
128 97 6 149 3989
128 85 56 149 3990
129 57 77 149 3991
131 31 6 149 3992
131 55 84 149 3993
132 54 56 149 3994
136 115 3 149 3995
136 49 54 149 3996
137 98 72 149 3997
138 94 68 149 3998
139 3 19 149 3999
140 65 38 149 4000
142 115 56 149 4001
143 44 36 149 4002
144 11 44 149 4003
145 25 1 149 4004
145 81 14 149 4005
145 116 91 149 4006
146 54 72 149 4007
147 102 1 149 4008
147 35 93 149 4009
148 112 68 149 4010
149 110 56 149 4011
150 37 29 149 4012
150 7 20 149 4013
151 67 54 149 4014
154 42 42 149 4015
155 59 70 149 4016
156 114 16 149 4017
156 101 21 149 4018
156 115 65 149 4019
157 75 28 149 4020
157 81 70 149 4021
158 93 6 149 4022
158 101 1 149 4023
158 66 44 149 4024
159 50 90 149 4025
129 63 21 150 4026
130 15 34 150 4027
131 17 8 150 4028
131 125 7 150 4029
131 68 59 150 4030
133 88 44 150 4031
134 101 39 150 4032
138 75 52 150 4033
139 16 80 150 4034
140 19 18 150 4035
141 91 50 150 4036
145 114 82 150 4037
149 120 56 150 4038
150 64 4 150 4039
150 50 15 150 4040
150 38 50 150 4041
151 75 70 150 4042
153 84 64 150 4043
154 80 43 150 4044
158 79 67 150 4045
128 77 60 151 4046
129 30 94 151 4047
131 13 80 151 4048
134 18 74 151 4049
135 58 36 151 4050
137 117 79 151 4051
138 81 54 151 4052
139 64 22 151 4053
139 53 76 151 4054
140 71 31 151 4055
140 60 40 151 4056
141 56 38 151 4057
142 7 28 151 4058
142 92 16 151 4059
143 97 22 151 4060
144 37 43 151 4061
146 29 19 151 4062
147 115 32 151 4063
147 10 41 151 4064
149 86 94 151 4065
150 121 7 151 4066
150 1 87 151 4067
151 72 55 151 4068
154 72 71 151 4069
155 108 56 151 4070
156 34 44 151 4071
157 48 74 151 4072
158 66 78 151 4073
128 0 36 152 4074
130 26 98 152 4075
131 11 99 152 4076
132 85 9 152 4077
132 72 62 152 4078
133 0 20 152 4079
134 111 35 152 4080
134 44 16 152 4081
134 92 28 152 4082
136 5 97 152 4083
138 122 86 152 4084
139 66 37 152 4085
140 56 5 152 4086
140 99 41 152 4087
141 72 81 152 4088
142 71 73 152 4089
143 3 76 152 4090
145 73 23 152 4091
145 6 18 152 4092
145 52 84 152 4093
146 6 72 152 4094
147 120 25 152 4095
147 18 42 152 4096
148 69 51 152 4097
149 59 4 152 4098
149 16 95 152 4099
150 74 5 152 4100
150 19 2 152 4101
150 125 19 152 4102
152 17 30 152 4103
155 86 28 152 4104
156 72 3 152 4105
156 126 92 152 4106
158 88 21 152 4107
128 69 61 153 4108
129 44 90 153 4109
133 64 39 153 4110
134 23 17 153 4111
134 35 30 153 4112
135 79 34 153 4113
137 104 57 153 4114
138 36 17 153 4115
139 65 75 153 4116
140 5 30 153 4117
142 39 82 153 4118
144 122 29 153 4119
145 96 77 153 4120
146 16 19 153 4121
147 28 9 153 4122
147 126 16 153 4123
147 58 84 153 4124
150 78 10 153 4125
150 20 22 153 4126
150 23 51 153 4127
151 101 23 153 4128
151 125 64 153 4129
153 68 5 153 4130
153 115 75 153 4131
154 51 19 153 4132
154 25 27 153 4133
155 58 61 153 4134
157 79 35 153 4135
158 127 86 153 4136
159 22 41 153 4137
128 85 66 154 4138
131 30 13 154 4139
131 82 96 154 4140
133 57 85 154 4141
134 20 51 154 4142
134 26 33 154 4143
135 37 80 154 4144
137 95 78 154 4145
138 57 89 154 4146
139 9 91 154 4147
140 32 23 154 4148
141 15 73 154 4149
144 0 23 154 4150
146 125 81 154 4151
149 20 97 154 4152
150 63 46 154 4153
152 102 75 154 4154
154 23 40 154 4155
155 66 83 154 4156
156 52 13 154 4157
157 111 66 154 4158
158 82 22 154 4159
158 105 97 154 4160
129 126 22 155 4161
132 116 25 155 4162
134 12 79 155 4163
138 20 18 155 4164
138 47 78 155 4165
140 29 64 155 4166
142 125 60 155 4167
143 109 30 155 4168
145 110 83 155 4169
147 5 67 155 4170
148 93 61 155 4171
149 41 45 155 4172
150 90 19 155 4173
150 79 72 155 4174
151 31 21 155 4175
151 71 70 155 4176
154 41 76 155 4177
156 34 33 155 4178
156 12 93 155 4179
157 68 90 155 4180
159 111 64 155 4181
128 70 46 156 4182
129 98 84 156 4183
131 111 57 156 4184
131 76 6 156 4185
132 91 63 156 4186
134 83 99 156 4187
136 32 1 156 4188
136 102 47 156 4189
137 36 15 156 4190
137 89 93 156 4191
139 63 1 156 4192
139 44 9 156 4193
139 106 53 156 4194
140 11 77 156 4195
141 89 68 156 4196
144 8 80 156 4197
145 88 8 156 4198
145 20 96 156 4199
146 40 25 156 4200
146 100 19 156 4201
147 18 96 156 4202
149 90 55 156 4203
150 115 54 156 4204
154 15 55 156 4205
155 113 6 156 4206
155 85 75 156 4207
158 23 72 156 4208
128 115 53 157 4209
130 126 65 157 4210
131 15 74 157 4211
138 102 29 157 4212
138 104 19 157 4213
138 93 66 157 4214
139 114 52 157 4215
139 56 8 157 4216
141 115 80 157 4217
142 47 98 157 4218
143 114 56 157 4219
146 54 71 157 4220
147 6 3 157 4221
147 40 37 157 4222
149 77 12 157 4223
149 10 79 157 4224
150 52 56 157 4225
151 118 48 157 4226
152 3 38 157 4227
153 2 51 157 4228
156 98 48 157 4229
157 106 85 157 4230
158 106 22 157 4231
158 7 9 157 4232
158 100 99 157 4233
128 53 77 158 4234
129 93 94 158 4235
131 67 21 158 4236
131 118 92 158 4237
134 53 82 158 4238
135 97 54 158 4239
137 118 52 158 4240
138 31 76 158 4241
139 10 59 158 4242
139 5 91 158 4243
140 123 25 158 4244
140 8 97 158 4245
145 90 84 158 4246
146 116 51 158 4247
147 121 7 158 4248
147 33 14 158 4249
147 102 87 158 4250
148 93 59 158 4251
149 3 5 158 4252
149 52 58 158 4253
150 19 60 158 4254
151 38 21 158 4255
151 120 52 158 4256
154 127 35 158 4257
155 4 98 158 4258
159 36 83 158 4259
131 45 77 159 4260
132 112 29 159 4261
133 94 36 159 4262
134 64 23 159 4263
134 85 54 159 4264
136 64 77 159 4265
141 96 15 159 4266
142 61 48 159 4267
144 9 11 159 4268
145 69 13 159 4269
145 96 27 159 4270
146 38 29 159 4271
149 74 64 159 4272
150 71 14 159 4273
150 5 45 159 4274
152 115 55 159 4275
153 57 7 159 4276
154 21 90 159 4277
156 122 42 159 4278
157 121 59 159 4279
158 109 79 159 4280
128 111 6 160 4281
128 1 51 160 4282
129 51 91 160 4283
130 77 62 160 4284
133 20 54 160 4285
134 57 47 160 4286
137 75 72 160 4287
138 14 46 160 4288
138 8 15 160 4289
138 79 84 160 4290
139 71 52 160 4291
141 73 67 160 4292
142 126 18 160 4293
143 68 16 160 4294
143 58 62 160 4295
144 59 50 160 4296
145 16 85 160 4297
146 103 8 160 4298
146 46 70 160 4299
147 24 74 160 4300
149 87 64 160 4301
150 30 56 160 4302
150 49 1 160 4303
150 100 38 160 4304
151 29 17 160 4305
151 56 76 160 4306
153 49 30 160 4307
155 3 59 160 4308
156 73 13 160 4309
156 125 38 160 4310
158 10 46 160 4311
128 115 37 161 4312
131 126 24 161 4313
131 54 13 161 4314
131 92 42 161 4315
132 81 16 161 4316
134 59 63 161 4317
135 25 78 161 4318
137 75 58 161 4319
139 8 56 161 4320
140 46 37 161 4321
141 41 35 161 4322
142 14 32 161 4323
142 30 90 161 4324
145 5 86 161 4325
147 78 68 161 4326
148 36 40 161 4327
149 114 62 161 4328
150 25 55 161 4329
153 118 74 161 4330
154 18 2 161 4331
154 63 64 161 4332
156 14 59 161 4333
157 103 6 161 4334
157 110 7 161 4335
157 45 92 161 4336
158 11 53 161 4337
128 3 40 162 4338
129 55 22 162 4339
129 98 48 162 4340
131 92 30 162 4341
131 52 8 162 4342
132 72 78 162 4343
134 2 13 162 4344
134 12 75 162 4345
136 7 97 162 4346
138 85 35 162 4347
138 97 93 162 4348
139 105 68 162 4349
140 122 50 162 4350
141 38 34 162 4351
144 35 6 162 4352
145 13 53 162 4353
146 41 58 162 4354
147 52 21 162 4355
147 38 35 162 4356
149 98 45 162 4357
150 78 32 162 4358
150 65 99 162 4359
151 119 71 162 4360
152 47 4 162 4361
152 18 19 162 4362
154 97 23 162 4363
155 21 77 162 4364
156 39 93 162 4365
158 4 20 162 4366
158 73 47 162 4367
159 22 49 162 4368
128 17 90 163 4369
129 5 74 163 4370
130 19 31 163 4371
131 117 1 163 4372
131 38 2 163 4373
131 10 77 163 4374
133 82 98 163 4375
134 61 70 163 4376
137 17 89 163 4377
139 3 32 163 4378
139 27 71 163 4379
140 53 46 163 4380
141 33 30 163 4381
141 71 61 163 4382
142 2 13 163 4383
143 50 35 163 4384
144 77 5 163 4385
144 7 85 163 4386
145 101 54 163 4387
146 73 62 163 4388
147 23 31 163 4389
147 2 67 163 4390
148 10 23 163 4391
149 21 52 163 4392
152 8 22 163 4393
154 122 34 163 4394
154 98 12 163 4395
155 60 54 163 4396
157 47 44 163 4397
158 14 67 163 4398
130 62 32 164 4399
131 96 22 164 4400
131 103 97 164 4401
134 65 6 164 4402
135 67 14 164 4403
138 30 26 164 4404
138 37 35 164 4405
139 60 6 164 4406
139 113 28 164 4407
140 51 97 164 4408
142 35 8 164 4409
142 126 45 164 4410
145 108 94 164 4411
147 47 41 164 4412
148 74 76 164 4413
149 83 10 164 4414
149 69 94 164 4415
150 125 56 164 4416
151 33 6 164 4417
151 38 94 164 4418
152 67 4 164 4419
152 78 99 164 4420
153 116 88 164 4421
154 46 85 164 4422
156 22 37 164 4423
157 124 21 164 4424
158 62 77 164 4425
128 83 3 165 4426
128 93 24 165 4427
129 74 16 165 4428
132 82 52 165 4429
134 27 89 165 4430
135 13 64 165 4431
137 86 14 165 4432
137 18 19 165 4433
137 40 78 165 4434
138 46 22 165 4435
138 63 23 165 4436
138 76 54 165 4437
139 39 65 165 4438
141 64 8 165 4439
141 116 76 165 4440
142 76 53 165 4441
143 40 31 165 4442
145 69 44 165 4443
146 57 57 165 4444
147 84 62 165 4445
149 14 16 165 4446
150 64 48 165 4447
155 80 69 165 4448
156 7 11 165 4449
156 105 97 165 4450
157 19 29 165 4451
157 37 76 165 4452
158 23 79 165 4453
159 113 14 165 4454
159 61 37 165 4455
128 28 56 166 4456
129 101 73 166 4457
130 21 36 166 4458
131 94 94 166 4459
134 111 53 166 4460
138 23 11 166 4461
138 103 32 166 4462
139 43 23 166 4463
139 70 19 166 4464
139 23 84 166 4465
140 117 35 166 4466
142 115 43 166 4467
143 73 97 166 4468
145 22 64 166 4469
146 78 46 166 4470
147 32 62 166 4471
149 44 18 166 4472
149 111 65 166 4473
150 53 58 166 4474
150 108 61 166 4475
151 7 60 166 4476
154 14 78 166 4477
155 50 19 166 4478
158 92 32 166 4479
128 122 50 167 4480
129 33 90 167 4481
130 101 92 167 4482
131 121 34 167 4483
133 37 49 167 4484
134 66 94 167 4485
136 79 91 167 4486
137 14 70 167 4487
138 111 4 167 4488
138 124 37 167 4489
140 100 21 167 4490
140 113 99 167 4491
141 56 84 167 4492
142 114 53 167 4493
144 102 1 167 4494
144 11 55 167 4495
145 32 9 167 4496
145 6 77 167 4497
146 55 57 167 4498
147 65 26 167 4499
147 101 83 167 4500
148 113 69 167 4501
149 35 52 167 4502
150 117 55 167 4503
151 69 33 167 4504
155 125 28 167 4505
155 107 60 167 4506
157 117 57 167 4507
158 99 7 167 4508
158 92 6 167 4509
158 97 16 167 4510
158 36 52 167 4511
159 119 56 167 4512
128 53 38 168 4513
131 52 90 168 4514
132 111 50 168 4515
134 88 98 168 4516
135 122 81 168 4517
138 62 53 168 4518
138 30 34 168 4519
139 120 51 168 4520
142 124 32 168 4521
145 4 22 168 4522
146 44 92 168 4523
147 122 25 168 4524
149 46 85 168 4525
150 22 97 168 4526
151 55 25 168 4527
154 104 13 168 4528
154 90 96 168 4529
156 20 99 168 4530
157 15 79 168 4531
158 89 20 168 4532
158 45 95 168 4533
128 26 68 169 4534
129 16 41 169 4535
131 44 60 169 4536
137 43 37 169 4537
138 40 7 169 4538
138 3 53 169 4539
139 99 34 169 4540
139 92 68 169 4541
141 18 29 169 4542
141 93 35 169 4543
142 76 70 169 4544
144 53 76 169 4545
145 90 5 169 4546
145 41 97 169 4547
147 23 73 169 4548
149 36 99 169 4549
151 17 58 169 4550
152 111 84 169 4551
153 99 42 169 4552
155 29 97 169 4553
129 106 49 170 4554
131 118 19 170 4555
131 36 35 170 4556
132 94 13 170 4557
133 13 90 170 4558
134 20 55 170 4559
137 117 24 170 4560
137 74 91 170 4561
138 27 94 170 4562
139 119 14 170 4563
139 91 68 170 4564
140 38 9 170 4565
140 78 21 170 4566
140 100 89 170 4567
141 110 8 170 4568
141 37 81 170 4569
145 90 87 170 4570
147 64 72 170 4571
150 117 40 170 4572
150 93 81 170 4573
151 38 52 170 4574
154 104 97 170 4575
156 90 49 170 4576
157 113 58 170 4577
158 9 44 170 4578
159 19 7 170 4579
159 62 36 170 4580
128 9 20 171 4581
128 4 61 171 4582
129 69 23 171 4583
131 7 37 171 4584
131 75 63 171 4585
132 78 5 171 4586
132 92 55 171 4587
134 87 9 171 4588
134 3 45 171 4589
134 124 24 171 4590
136 73 81 171 4591
138 93 9 171 4592
139 29 7 171 4593
142 79 63 171 4594
143 45 93 171 4595
146 89 49 171 4596
147 60 27 171 4597
148 11 94 171 4598
149 37 21 171 4599
149 126 58 171 4600
151 33 67 171 4601
153 52 29 171 4602
155 25 24 171 4603
155 74 36 171 4604
156 117 35 171 4605
157 15 59 171 4606
158 126 52 171 4607
158 32 28 171 4608
128 65 60 172 4609
129 98 5 172 4610
129 20 12 172 4611
129 101 76 172 4612
130 35 52 172 4613
131 58 93 172 4614
134 122 27 172 4615
134 62 99 172 4616
135 107 39 172 4617
137 9 89 172 4618
138 56 20 172 4619
138 22 94 172 4620
139 114 2 172 4621
139 105 49 172 4622
139 42 12 172 4623
139 27 82 172 4624
140 9 79 172 4625
141 103 47 172 4626
142 90 94 172 4627
145 3 32 172 4628
145 89 24 172 4629
146 69 45 172 4630
147 94 84 172 4631
149 16 58 172 4632
150 24 91 172 4633
153 39 6 172 4634
153 19 23 172 4635
154 46 94 172 4636
155 17 1 172 4637
155 33 87 172 4638
156 5 82 172 4639
158 111 1 172 4640
158 78 92 172 4641
159 105 90 172 4642
138 48 78 173 4643
141 94 59 173 4644
144 50 51 173 4645
145 63 20 173 4646
145 94 4 173 4647
145 100 75 173 4648
146 62 41 173 4649
147 59 68 173 4650
149 109 67 173 4651
150 22 35 173 4652
151 23 18 173 4653
151 67 42 173 4654
152 109 64 173 4655
153 95 66 173 4656
157 109 56 173 4657
158 50 70 173 4658
128 117 23 174 4659
128 127 38 174 4660
129 102 50 174 4661
130 93 3 174 4662
130 66 45 174 4663
131 92 13 174 4664
131 24 5 174 4665
131 61 86 174 4666
132 36 68 174 4667
133 32 85 174 4668
134 98 16 174 4669
134 11 12 174 4670
134 91 9 174 4671
134 54 61 174 4672
135 10 85 174 4673
139 13 9 174 4674
139 124 6 174 4675
139 36 18 174 4676
139 30 49 174 4677
140 72 90 174 4678
142 21 63 174 4679
145 17 25 174 4680
145 58 70 174 4681
146 63 81 174 4682
147 101 62 174 4683
149 39 29 174 4684
149 27 8 174 4685
149 30 68 174 4686
150 22 31 174 4687
150 49 14 174 4688
150 126 49 174 4689
151 103 96 174 4690
155 77 73 174 4691
156 18 13 174 4692
156 61 57 174 4693
157 47 81 174 4694
158 44 99 174 4695
128 110 83 175 4696
129 47 91 175 4697
131 16 63 175 4698
134 74 49 175 4699
136 55 47 175 4700
137 116 57 175 4701
138 13 25 175 4702
138 92 23 175 4703
138 94 70 175 4704
139 108 2 175 4705
139 14 93 175 4706
141 69 71 175 4707
143 5 46 175 4708
147 104 33 175 4709
147 2 8 175 4710
148 51 93 175 4711
149 9 47 175 4712
150 18 43 175 4713
154 90 68 175 4714
156 93 65 175 4715
130 54 83 176 4716
131 71 62 176 4717
134 50 96 176 4718
137 48 70 176 4719
138 97 26 176 4720
140 39 91 176 4721
141 28 18 176 4722
142 4 60 176 4723
144 48 10 176 4724
144 95 79 176 4725
145 3 26 176 4726
145 64 38 176 4727
146 75 94 176 4728
147 70 25 176 4729
147 88 3 176 4730
147 108 44 176 4731
149 31 24 176 4732
150 107 14 176 4733
150 50 11 176 4734
150 40 66 176 4735
151 116 35 176 4736
152 6 23 176 4737
154 47 51 176 4738
155 29 53 176 4739
157 33 67 176 4740
158 74 16 176 4741
158 0 90 176 4742
159 5 53 176 4743
128 72 3 177 4744
128 7 30 177 4745
129 12 21 177 4746
131 6 99 177 4747
132 84 9 177 4748
132 28 24 177 4749
136 69 55 177 4750
137 39 95 177 4751
138 61 93 177 4752
139 20 23 177 4753
139 123 24 177 4754
139 38 51 177 4755
141 24 79 177 4756
142 66 34 177 4757
145 7 57 177 4758
145 17 45 177 4759
147 9 18 177 4760
147 95 36 177 4761
147 108 89 177 4762
149 23 10 177 4763
149 4 10 177 4764
149 114 42 177 4765
150 84 14 177 4766
150 119 39 177 4767
151 72 8 177 4768
151 25 95 177 4769
152 25 6 177 4770
152 55 70 177 4771
153 51 65 177 4772
154 115 83 177 4773
155 70 88 177 4774
156 22 52 177 4775
128 109 60 178 4776
129 89 70 178 4777
132 93 7 178 4778
133 12 85 178 4779
134 71 62 178 4780
135 29 29 178 4781
138 32 73 178 4782
139 78 38 178 4783
140 56 35 178 4784
142 10 36 178 4785
143 24 50 178 4786
145 62 40 178 4787
146 66 50 178 4788
149 104 25 178 4789
149 41 89 178 4790
150 27 8 178 4791
150 6 41 178 4792
156 36 61 178 4793
157 62 46 178 4794
158 1 40 178 4795
158 92 65 178 4796
128 6 6 179 4797
131 55 14 179 4798
131 52 38 179 4799
132 13 3 179 4800
132 30 22 179 4801
134 14 94 179 4802
135 18 30 179 4803
138 83 12 179 4804
139 97 7 179 4805
139 108 80 179 4806
140 16 88 179 4807
141 104 23 179 4808
141 46 33 179 4809
142 11 42 179 4810
145 54 77 179 4811
146 92 13 179 4812
146 109 90 179 4813
147 126 31 179 4814
147 112 14 179 4815
148 55 32 179 4816
149 13 1 179 4817
149 109 10 179 4818
149 44 43 179 4819
150 126 94 179 4820
154 98 74 179 4821
155 101 50 179 4822
157 92 81 179 4823
158 64 60 179 4824
159 103 83 179 4825
